[[tensor([[[[-0.9570, -1.1673, -1.2443,  ..., -0.3654,  0.2538, -0.5652],
          [-0.1151, -0.2259,  0.7222,  ..., -1.2333,  1.2578, -0.2734],
          [ 0.3930,  0.8026, -0.0540,  ..., -0.8070,  0.3844, -0.7781],
          ...,
          [ 2.3886,  1.0858, -0.4580,  ..., -0.6667,  1.1809,  0.0549],
          [-1.7031,  1.0936, -0.3665,  ...,  0.9252,  1.0609,  1.1172],
          [ 1.1747,  1.7124, -0.7139,  ...,  0.6176,  0.2609,  0.1903]],

         [[-1.7226, -0.4338, -0.0323,  ..., -0.2442, -1.2770, -0.4388],
          [ 1.5378, -0.2545,  1.0433,  ..., -0.3067, -1.3346,  1.5207],
          [-0.3848, -0.1220,  0.1102,  ...,  1.0287, -0.7855,  1.4903],
          ...,
          [ 0.1256, -1.5115,  0.0916,  ...,  0.6412,  0.6122, -0.9718],
          [-0.9295, -0.9441, -2.2112,  ..., -1.6185,  1.3822,  0.4750],
          [-0.2740,  0.8936,  0.5583,  ..., -0.6675, -0.3324, -0.1560]],

         [[ 0.6954,  1.9079,  1.0137,  ..., -0.0335,  0.2232,  1.0099],
          [-1.1851,  0.8877, -0.4061,  ...,  0.3914, -0.3730, -0.6463],
          [ 0.3711,  1.1739, -1.8230,  ..., -0.5674, -0.5718,  0.1496],
          ...,
          [ 0.5650, -0.1429, -0.4138,  ..., -0.0042,  0.7003,  1.8952],
          [-0.6566, -0.9667, -0.8444,  ..., -0.5950, -0.5950,  0.3537],
          [-1.4160, -1.1114, -0.2474,  ..., -0.0522,  0.9095, -1.2009]],

         [[ 1.2480,  0.8972,  0.6872,  ...,  0.3166,  1.1464,  0.4665],
          [-0.5933, -1.3133,  0.7993,  ...,  0.0108,  0.1437,  0.4313],
          [ 0.2804, -0.3758, -1.0444,  ..., -0.1233, -3.2991, -0.0900],
          ...,
          [-0.9409,  0.3798, -0.8804,  ..., -2.1170,  0.7260,  1.4334],
          [-1.8086,  1.2193,  1.2529,  ...,  0.3283,  0.8083, -0.6789],
          [-0.6132, -1.2323, -1.0843,  ...,  0.4282, -1.5928, -0.5716]]]],
       device='cuda:0'), tensor([[[-0.3884,  0.0229, -0.0522,  ..., -0.4899, -0.3066,  0.0675],
         [ 0.2252, -0.5921,  0.7880,  ..., -1.2735,  1.1839,  0.9958],
         [ 0.1834,  0.7285, -0.4001,  ..., -0.9857, -0.2061, -0.2531],
         ...,
         [ 0.5160,  0.4960,  0.0577,  ..., -0.4890,  0.3973, -0.2256],
         [ 0.5151,  0.4955,  0.0505,  ..., -0.4960,  0.3895, -0.2232],
         [ 0.5650,  0.5072,  0.1178,  ..., -0.4891,  0.3994, -0.2480]]],
       device='cuda:0')], [tensor([[[[ 1.0013, -1.5364,  1.2750,  ...,  0.5990,  1.6477,  0.8465],
          [-0.3857, -0.8575, -0.5165,  ..., -0.1691,  0.8405, -0.4268],
          [ 0.9086, -0.6524, -0.1349,  ...,  1.2915, -1.5375, -1.6856],
          ...,
          [ 1.1156,  0.1220,  1.1909,  ...,  0.3499, -0.9785, -1.0487],
          [-1.3668, -0.1504,  0.4578,  ..., -0.9778,  0.9670,  0.9541],
          [-2.7373, -1.2622,  0.6267,  ..., -1.1474, -0.2647,  0.1960]],

         [[-0.5878, -0.3569,  0.1931,  ..., -0.1932, -1.1898,  0.2285],
          [ 0.2272,  2.6759, -0.8506,  ...,  0.6709, -0.9014,  0.6005],
          [-0.9572, -0.4931, -0.0354,  ...,  0.6344,  0.8170,  2.4748],
          ...,
          [-1.2956,  0.5159,  0.3207,  ..., -1.1942,  0.6769, -0.8477],
          [ 2.2612,  0.4296, -0.3901,  ...,  0.8077,  1.1661, -0.0954],
          [-0.5054,  2.0032,  1.2467,  ..., -1.1152, -0.8081, -0.1427]],

         [[-1.5235, -0.2079,  1.4327,  ...,  0.1186, -0.2862, -0.1648],
          [ 0.6446,  1.4576,  0.5436,  ..., -0.7531, -0.5078, -0.6403],
          [ 0.2418,  0.4072, -1.2248,  ...,  1.4860,  0.5690, -0.0993],
          ...,
          [ 1.3025, -0.6826,  1.4922,  ..., -0.6392,  1.5926, -0.9648],
          [-0.7306,  0.2258,  0.6347,  ...,  0.2687,  0.0478,  0.2712],
          [-0.3578,  0.7497,  1.5183,  ..., -0.0599,  0.6621, -0.0127]],

         [[ 0.5089,  0.9791, -0.8393,  ...,  1.0889, -0.6286,  0.4126],
          [-0.3215,  0.7508,  1.1217,  ..., -0.7531, -0.7678, -0.0271],
          [-0.4945, -1.2384, -0.5954,  ..., -0.7251, -0.2553, -1.1373],
          ...,
          [ 0.4443, -0.0157,  0.4767,  ..., -0.4837, -0.7206, -1.4461],
          [ 1.3943, -0.7083,  0.1524,  ..., -2.2597,  1.1283,  1.4307],
          [ 0.9244, -1.3972, -0.2961,  ..., -0.1847,  0.2558,  0.7367]]]],
       device='cuda:0'), tensor([[[-0.3884,  0.0229, -0.0522,  ..., -0.4899, -0.3066,  0.0675],
         [ 0.2252, -0.5921,  0.7880,  ..., -1.2735,  1.1839,  0.9958],
         [ 0.1834,  0.7285, -0.4001,  ..., -0.9857, -0.2061, -0.2531],
         ...,
         [ 0.5160,  0.4960,  0.0577,  ..., -0.4890,  0.3973, -0.2256],
         [ 0.5151,  0.4955,  0.0505,  ..., -0.4960,  0.3895, -0.2232],
         [ 0.5650,  0.5072,  0.1178,  ..., -0.4891,  0.3994, -0.2480]]],
       device='cuda:0')], [tensor([[[[ 3.0964e-01, -7.1846e-01,  1.6993e+00,  ...,  1.6988e-01,
            5.3190e-01,  4.1545e-02],
          [-3.5325e-01,  4.4644e-01, -4.5178e-01,  ...,  1.4789e+00,
            2.9756e-01, -4.8328e-01],
          [ 2.4505e-01, -4.6741e-01, -1.6523e-01,  ..., -2.6809e-01,
           -2.3255e-01, -5.2077e-01],
          ...,
          [ 6.4222e-01,  6.2140e-01,  6.0127e-01,  ...,  8.4026e-01,
            1.2853e-01, -1.1397e+00],
          [-8.5616e-02, -9.2369e-02,  8.2676e-01,  ...,  4.9793e-01,
            2.1669e+00,  8.2471e-02],
          [ 1.9318e-01, -7.8129e-01, -5.2918e-01,  ...,  6.9972e-01,
            4.6970e-01, -2.1416e-01]],

         [[ 1.8621e+00, -9.4970e-01,  7.4062e-01,  ..., -3.4144e-01,
           -2.3023e-01,  2.6136e+00],
          [-7.6899e-01, -3.5002e-01,  1.0042e+00,  ..., -1.5436e+00,
           -2.3147e-01,  4.3164e-01],
          [ 1.8024e+00,  1.0742e+00,  1.7089e+00,  ..., -7.2445e-01,
           -1.4093e+00,  2.5037e-01],
          ...,
          [ 1.5143e+00, -3.9267e-01,  1.4594e+00,  ..., -3.1731e+00,
            1.1374e-01, -9.2465e-01],
          [-2.1945e-01,  1.2290e+00,  8.4171e-01,  ...,  3.3864e-01,
           -1.2262e+00, -4.9414e-01],
          [-1.3972e+00, -1.6399e+00,  6.9206e-01,  ..., -4.7455e-01,
            6.7100e-01, -5.1145e-02]],

         [[-5.6996e-01,  7.6766e-01, -1.1515e+00,  ...,  1.1525e+00,
            2.0823e-01, -4.3335e-01],
          [ 9.8234e-01,  1.6658e-01, -3.2639e-01,  ...,  5.9017e-01,
            1.6433e+00, -5.5524e-01],
          [ 4.4660e-01,  3.8133e-01, -4.0360e-01,  ...,  7.6469e-01,
           -7.3614e-02,  6.5295e-01],
          ...,
          [-3.0735e-02, -1.0662e+00,  1.2687e+00,  ..., -3.7686e-01,
           -2.7167e-01,  2.2428e+00],
          [ 6.8675e-01,  3.9949e-01, -5.3456e-02,  ..., -1.0064e+00,
            4.6607e-01,  5.7569e-01],
          [ 1.0672e+00,  4.3717e-01, -1.8830e+00,  ..., -3.6195e-01,
            6.8522e-01, -5.7591e-01]],

         [[ 1.1085e+00, -2.6062e-01,  1.0717e+00,  ...,  5.4812e-01,
            1.2345e+00, -8.9833e-02],
          [-3.6580e-01, -1.7744e+00, -8.7052e-01,  ...,  1.1663e+00,
           -1.4946e+00, -2.8053e-01],
          [ 8.7504e-01,  1.9821e-01, -9.6431e-02,  ..., -1.5098e+00,
            1.3735e+00, -1.8600e+00],
          ...,
          [ 1.6621e+00, -3.8001e-01,  1.0110e+00,  ...,  1.0276e-01,
            1.2117e+00,  1.0110e+00],
          [ 1.0700e+00,  4.4878e-01,  2.5653e+00,  ..., -7.4989e-02,
           -8.4851e-01, -6.1578e-01],
          [ 4.7767e-01, -9.8140e-01, -4.7078e-01,  ..., -5.3438e-01,
            3.0342e-03,  1.3921e+00]]]], device='cuda:0'), tensor([[[-0.3884,  0.0229, -0.0522,  ..., -0.4899, -0.3066,  0.0675],
         [ 0.2252, -0.5921,  0.7880,  ..., -1.2735,  1.1839,  0.9958],
         [ 0.1834,  0.7285, -0.4001,  ..., -0.9857, -0.2061, -0.2531],
         ...,
         [ 0.5160,  0.4960,  0.0577,  ..., -0.4890,  0.3973, -0.2256],
         [ 0.5151,  0.4955,  0.0505,  ..., -0.4960,  0.3895, -0.2232],
         [ 0.5650,  0.5072,  0.1178,  ..., -0.4891,  0.3994, -0.2480]]],
       device='cuda:0')], [tensor([[[[ 1.6524, -2.7150,  0.8916,  ..., -0.1441, -1.1145,  0.4983],
          [-0.2889, -1.4794, -0.3347,  ..., -1.5188,  1.2618,  0.3560],
          [-0.0367, -0.3223, -0.6146,  ...,  0.3355,  0.4239,  0.7816],
          ...,
          [-0.5056, -0.7353,  2.3794,  ..., -0.5198,  0.2117,  0.5902],
          [ 0.7182,  1.0953,  1.0336,  ...,  1.1059, -0.5879,  1.1432],
          [-0.8502,  1.2642,  3.7687,  ..., -0.4523,  1.6020, -0.7868]],

         [[ 0.2116, -0.0163, -1.0416,  ..., -0.4736, -0.8588,  1.3302],
          [-0.0705, -0.0872,  1.9453,  ...,  0.9506,  1.3038,  1.0867],
          [ 1.0875,  1.7101,  0.2980,  ...,  1.1697, -0.0714, -1.7532],
          ...,
          [-1.5974, -0.4356, -0.7550,  ...,  0.6090,  0.1136,  1.0442],
          [ 0.9217,  1.2590,  0.9749,  ..., -0.1483,  2.4026,  0.8134],
          [-0.1118, -0.7719,  0.4569,  ...,  0.5259,  0.6170,  0.7342]],

         [[-0.4630,  1.1234,  0.6071,  ..., -1.5504, -1.2023,  0.7223],
          [-2.1928,  0.2054, -1.0192,  ..., -2.6585, -0.3940, -0.4534],
          [ 1.5465, -0.0852, -0.3398,  ...,  1.3383, -1.9764,  1.5239],
          ...,
          [-0.7741,  0.2183,  1.5683,  ...,  0.0096,  0.3406,  0.3019],
          [ 0.0496, -1.6130, -0.4233,  ...,  0.4169, -0.2896,  0.3640],
          [ 2.1928, -0.1339,  1.0522,  ..., -0.5771,  0.8667,  1.0336]],

         [[-0.6586,  1.1099,  0.6579,  ...,  1.1925,  0.7401, -0.0331],
          [-2.6969, -0.5606,  0.0182,  ..., -0.3899, -0.5872, -1.1679],
          [ 1.4229, -0.8565, -1.5002,  ..., -0.0849,  0.1982, -0.6600],
          ...,
          [-0.6497, -0.2193,  0.6512,  ...,  0.1768,  2.0171, -0.8379],
          [ 0.3409,  1.2923, -2.0940,  ...,  2.0393, -0.2176,  0.7999],
          [-0.1979,  1.0874, -0.6134,  ..., -0.8584, -0.5654,  0.4218]]]],
       device='cuda:0'), tensor([[[-0.3884,  0.0229, -0.0522,  ..., -0.4899, -0.3066,  0.0675],
         [ 0.2252, -0.5921,  0.7880,  ..., -1.2735,  1.1839,  0.9958],
         [ 0.1834,  0.7285, -0.4001,  ..., -0.9857, -0.2061, -0.2531],
         ...,
         [ 0.5160,  0.4960,  0.0577,  ..., -0.4890,  0.3973, -0.2256],
         [ 0.5151,  0.4955,  0.0505,  ..., -0.4960,  0.3895, -0.2232],
         [ 0.5650,  0.5072,  0.1178,  ..., -0.4891,  0.3994, -0.2480]]],
       device='cuda:0')], [tensor([[[[-0.6845,  0.4785,  0.9277,  ..., -0.6959, -0.3194, -0.4193],
          [-1.4428, -1.1170,  0.1890,  ...,  0.0268, -0.5973,  0.2853],
          [ 0.5612,  0.3649,  0.4509,  ..., -0.6261, -1.3218, -1.9978],
          ...,
          [ 0.0130,  0.2909, -0.6680,  ...,  0.4714, -1.1123,  1.4088],
          [-1.0585,  0.4647, -0.5177,  ..., -0.5555,  1.2453, -0.3483],
          [ 0.5679,  0.0471, -1.5678,  ...,  1.1405, -0.8512, -2.6415]],

         [[-0.8791,  1.3772, -1.0340,  ...,  0.0086, -2.3655, -0.2070],
          [-1.1357,  0.3739, -0.7290,  ..., -0.5782, -1.2278, -0.7972],
          [-0.7107,  0.0326,  0.4024,  ...,  0.6289, -0.9960, -0.6132],
          ...,
          [-0.9909,  1.5551, -0.4787,  ...,  1.2679,  1.1768,  0.3861],
          [-1.3184,  0.2398, -0.3691,  ..., -0.0158,  1.0238,  0.9351],
          [ 0.7076,  1.6507,  0.6038,  ..., -0.2814,  0.5632, -1.5856]],

         [[-0.7914, -0.0103, -1.0046,  ..., -1.2957, -1.1796, -0.3165],
          [ 1.5282,  0.0041,  0.4620,  ..., -1.6220, -0.6772, -0.4759],
          [ 2.6869,  0.6683, -1.2148,  ..., -0.2288,  0.5132,  0.1595],
          ...,
          [-0.0200,  1.0950,  0.2827,  ..., -0.0861,  1.3367,  0.4161],
          [ 0.8167,  0.4800, -1.4632,  ..., -0.8856, -0.7347,  0.2910],
          [-0.0350, -0.6309,  0.2463,  ..., -1.3727,  0.7781, -1.9295]],

         [[ 0.2005, -0.0450, -0.5986,  ..., -0.2208,  1.7951,  0.2548],
          [-0.2572,  0.8494, -0.5943,  ...,  1.2378,  1.5864,  0.6038],
          [ 0.3297,  0.2232, -0.1407,  ...,  1.0404, -0.7194, -0.0200],
          ...,
          [ 0.4924,  0.8653, -0.1400,  ..., -1.4235,  1.3429, -1.2283],
          [-0.7757, -0.7222,  0.9655,  ...,  0.5124, -0.2521,  0.3023],
          [-0.4719,  0.2577, -1.3029,  ..., -0.2282, -0.7745, -0.1481]]]],
       device='cuda:0'), tensor([[[-0.3884,  0.0229, -0.0522,  ..., -0.4899, -0.3066,  0.0675],
         [ 0.2252, -0.5921,  0.7880,  ..., -1.2735,  1.1839,  0.9958],
         [ 0.1834,  0.7285, -0.4001,  ..., -0.9857, -0.2061, -0.2531],
         ...,
         [ 0.5160,  0.4960,  0.0577,  ..., -0.4890,  0.3973, -0.2256],
         [ 0.5151,  0.4955,  0.0505,  ..., -0.4960,  0.3895, -0.2232],
         [ 0.5650,  0.5072,  0.1178,  ..., -0.4891,  0.3994, -0.2480]]],
       device='cuda:0')], [tensor([[[[-4.5421e-01,  7.3087e-01,  7.8606e-01,  ..., -1.1458e+00,
            1.9678e+00, -1.1259e+00],
          [ 2.7563e-01, -6.3337e-01, -1.6192e+00,  ...,  1.0899e+00,
            4.0294e-02,  1.7531e+00],
          [ 4.9187e-01, -2.6013e+00,  8.8938e-01,  ..., -1.0530e+00,
           -8.7824e-01,  1.1818e+00],
          ...,
          [ 1.6741e-01,  1.0884e+00, -1.1300e+00,  ...,  1.4585e+00,
            1.2098e+00, -1.5124e+00],
          [ 8.8443e-01, -1.2618e-02, -4.8096e-01,  ...,  5.0741e-01,
            1.2952e+00, -8.0781e-01],
          [ 9.4308e-01,  5.9154e-01,  1.6270e-01,  ...,  1.0251e+00,
            3.9548e-01,  2.5275e-01]],

         [[ 4.9801e-01,  8.8606e-02,  6.5502e-01,  ..., -7.6007e-02,
            1.7646e-01, -8.5947e-01],
          [-1.0543e+00, -2.7553e-01, -4.1934e-01,  ...,  5.3344e-01,
           -2.7670e-01,  1.5179e+00],
          [-1.4677e+00,  4.2583e-01,  2.0171e+00,  ..., -8.2451e-01,
            2.4906e+00,  9.4843e-01],
          ...,
          [ 1.4800e+00, -2.5296e-02, -8.5774e-03,  ..., -2.1480e+00,
           -1.0124e+00, -8.5629e-01],
          [ 1.1284e+00,  9.4006e-01, -1.2702e-01,  ...,  4.0874e-01,
           -7.7992e-01,  3.9993e-01],
          [ 7.3306e-04,  1.0420e+00, -7.3429e-01,  ..., -6.0654e-01,
            6.1811e-01,  5.5943e-01]],

         [[ 7.8477e-01,  3.0222e-01,  1.5725e-01,  ...,  4.2142e-01,
            1.2462e+00, -1.6845e+00],
          [ 8.8526e-01,  6.3991e-01, -1.1013e+00,  ..., -8.3313e-02,
            1.0074e+00, -8.6134e-01],
          [ 2.1464e-01,  5.4214e-01,  7.8094e-01,  ...,  5.1073e-01,
           -6.7934e-01, -6.4428e-01],
          ...,
          [ 7.5902e-01, -6.9561e-01, -3.1195e-01,  ...,  7.0021e-01,
            8.7230e-02,  2.3347e-01],
          [ 1.4267e+00, -5.6562e-01, -2.0129e+00,  ..., -1.4267e+00,
            8.7983e-01, -1.2261e+00],
          [-1.5559e+00,  1.0430e+00, -1.1572e+00,  ..., -4.2735e-01,
            1.2348e+00, -9.7696e-01]],

         [[-3.2533e-01,  5.1373e-01,  1.9230e+00,  ...,  4.2313e-02,
            4.3983e-02, -9.8293e-01],
          [-3.3108e-01, -2.9929e-01,  1.1816e+00,  ...,  1.3385e+00,
            5.5339e-01,  2.2816e+00],
          [-8.6887e-01, -1.0857e+00, -6.6694e-01,  ..., -1.1734e-01,
           -3.6649e-01,  1.4931e+00],
          ...,
          [-1.3709e+00, -1.0595e+00, -6.9689e-01,  ..., -2.4198e+00,
            1.0318e+00, -3.2742e-01],
          [ 1.2653e+00, -6.8763e-01, -4.8748e-02,  ...,  7.6674e-01,
           -1.6044e-01, -4.6562e-01],
          [-9.6656e-01,  1.5169e-01,  2.8567e-01,  ..., -8.4830e-02,
           -1.9489e-01,  5.2906e-01]]]], device='cuda:0'), tensor([[[-0.3884,  0.0229, -0.0522,  ..., -0.4899, -0.3066,  0.0675],
         [ 0.2252, -0.5921,  0.7880,  ..., -1.2735,  1.1839,  0.9958],
         [ 0.1834,  0.7285, -0.4001,  ..., -0.9857, -0.2061, -0.2531],
         ...,
         [ 0.5160,  0.4960,  0.0577,  ..., -0.4890,  0.3973, -0.2256],
         [ 0.5151,  0.4955,  0.0505,  ..., -0.4960,  0.3895, -0.2232],
         [ 0.5650,  0.5072,  0.1178,  ..., -0.4891,  0.3994, -0.2480]]],
       device='cuda:0')], [tensor([[[[ 0.4045,  1.4582, -1.9497,  ..., -1.9513, -0.0884,  1.6061],
          [ 1.0109, -0.3540, -1.7668,  ...,  1.0119,  0.1815,  0.4888],
          [-0.6178,  0.7644,  0.1727,  ..., -0.0447, -1.0924, -0.0565],
          ...,
          [-0.2531,  0.9351,  0.3045,  ...,  0.6008,  1.5122, -1.1275],
          [-0.0094,  0.2663, -1.6122,  ..., -0.4053,  0.4127,  1.9319],
          [ 1.0214,  1.6624, -2.0807,  ...,  0.8449,  0.3432, -0.7984]],

         [[ 0.8901, -0.3348, -0.1195,  ..., -2.3588, -0.4531,  0.3252],
          [-0.8242,  0.7604,  0.1580,  ..., -0.5662, -0.7904, -0.0106],
          [ 1.2224, -0.1143, -0.8819,  ...,  0.1746, -0.2432,  0.1740],
          ...,
          [-1.6472, -0.1972, -0.6110,  ...,  0.1141,  2.0228, -0.0373],
          [-0.4127, -0.4702,  0.1930,  ..., -1.0662,  1.2901, -1.6116],
          [-0.6628,  2.2044, -0.0043,  ...,  1.2379, -0.6497,  0.9690]],

         [[-0.2526,  0.7366,  1.2107,  ...,  1.3972,  0.7297,  2.2500],
          [ 1.3928, -1.5947, -1.0546,  ..., -2.3146, -1.3028, -0.9539],
          [ 1.8916, -0.1060, -1.0712,  ...,  0.8143,  0.1065, -0.0251],
          ...,
          [-0.1646,  0.1437,  0.3312,  ...,  0.3516, -0.9666,  0.4511],
          [-0.0580,  1.4180,  0.0562,  ...,  0.1697,  0.5031, -0.0622],
          [ 0.5825,  0.1832, -0.6247,  ..., -0.2648,  0.4739,  1.8232]],

         [[ 0.4528, -0.2224, -0.2731,  ...,  0.6746, -0.5005, -0.4347],
          [-1.0467, -0.4569, -0.4015,  ...,  1.8654, -1.3501,  1.2362],
          [-0.2970, -1.0271,  1.3218,  ...,  0.4104,  0.6173, -0.2916],
          ...,
          [-0.0821,  0.4569,  0.2167,  ...,  1.8676, -1.5392, -0.0365],
          [ 2.2200, -0.6258, -0.3005,  ..., -0.5461,  0.2614, -0.0554],
          [ 2.4819,  0.4641, -0.5070,  ..., -0.3587,  0.4290, -1.9438]]]],
       device='cuda:0'), tensor([[[-0.3884,  0.0229, -0.0522,  ..., -0.4899, -0.3066,  0.0675],
         [ 0.2252, -0.5921,  0.7880,  ..., -1.2735,  1.1839,  0.9958],
         [ 0.1834,  0.7285, -0.4001,  ..., -0.9857, -0.2061, -0.2531],
         ...,
         [ 0.5160,  0.4960,  0.0577,  ..., -0.4890,  0.3973, -0.2256],
         [ 0.5151,  0.4955,  0.0505,  ..., -0.4960,  0.3895, -0.2232],
         [ 0.5650,  0.5072,  0.1178,  ..., -0.4891,  0.3994, -0.2480]]],
       device='cuda:0')], [tensor([[[[ 0.8248, -0.2702,  0.1904,  ...,  0.5928, -0.9616, -0.6816],
          [ 0.2944,  1.0701,  0.9266,  ...,  1.2720, -0.9111,  0.0521],
          [-1.7927,  0.5261, -0.7162,  ...,  1.4656, -0.6778,  0.6459],
          ...,
          [-2.9116,  0.3906,  0.2440,  ...,  0.8159,  0.7853,  0.1115],
          [ 0.3508,  0.6336, -0.7836,  ..., -0.8165, -0.5536,  1.2879],
          [-0.8277,  0.2426, -0.5266,  ...,  0.2193, -0.1985, -0.8820]],

         [[ 0.0648,  0.7484, -0.4584,  ...,  0.3788, -1.3184,  0.1404],
          [ 1.5952,  0.1196, -0.0997,  ...,  0.5096, -0.5500, -0.1161],
          [-0.2136,  0.2781, -0.0796,  ..., -1.7848,  0.8714, -0.7572],
          ...,
          [-0.0122,  0.4160,  0.1034,  ...,  0.4099,  0.9937, -0.4970],
          [-0.5173, -0.0654, -0.3333,  ...,  2.3411,  0.2448,  0.3406],
          [-1.1143, -0.6422, -0.8317,  ...,  1.5700,  0.7789, -1.0505]],

         [[ 1.3445,  1.9146,  0.8933,  ...,  0.3055, -1.5795, -1.3510],
          [-1.2488, -1.7079,  1.4356,  ...,  0.8940, -0.5936, -0.9183],
          [-0.1573, -1.5819, -0.4809,  ..., -0.0930, -1.8357, -1.4116],
          ...,
          [ 1.1011,  0.5941,  0.6348,  ..., -2.7503, -0.7607,  0.4731],
          [ 1.4452,  0.9152, -1.1221,  ..., -1.6332, -0.7366, -0.9488],
          [ 0.7917, -1.0939,  2.1235,  ...,  1.4312, -0.5553,  0.2954]],

         [[-0.2488, -0.2007,  0.2076,  ...,  0.2262,  0.4146, -0.3827],
          [-0.4174,  0.0987, -1.5829,  ...,  0.4927, -0.0207,  1.5446],
          [-1.8555, -0.2436,  0.3264,  ..., -1.8739,  0.3289, -0.0118],
          ...,
          [-0.6710, -0.1713, -0.0409,  ...,  1.1539, -1.2501, -1.2306],
          [-0.2070,  0.7391, -0.2562,  ...,  1.7223, -0.6497,  1.4314],
          [ 0.5570,  1.3354, -0.9058,  ..., -2.0937, -0.5664, -0.3178]]]],
       device='cuda:0'), tensor([[[-0.3884,  0.0229, -0.0522,  ..., -0.4899, -0.3066,  0.0675],
         [ 0.2252, -0.5921,  0.7880,  ..., -1.2735,  1.1839,  0.9958],
         [ 0.1834,  0.7285, -0.4001,  ..., -0.9857, -0.2061, -0.2531],
         ...,
         [ 0.5160,  0.4960,  0.0577,  ..., -0.4890,  0.3973, -0.2256],
         [ 0.5151,  0.4955,  0.0505,  ..., -0.4960,  0.3895, -0.2232],
         [ 0.5650,  0.5072,  0.1178,  ..., -0.4891,  0.3994, -0.2480]]],
       device='cuda:0')], [tensor([[[[-0.5780, -0.1893,  0.3419,  ..., -1.6724, -0.4130, -0.8420],
          [-0.9240, -0.4585,  0.4561,  ...,  1.3778, -0.4290, -0.1172],
          [-0.0718,  1.0394,  0.6065,  ..., -1.1554, -0.7013,  0.1137],
          ...,
          [-0.1902, -0.9376,  0.8109,  ...,  0.3970,  0.0381,  0.9947],
          [-0.3231, -0.5720,  0.3062,  ..., -0.4169,  1.5730,  0.0265],
          [-0.0941, -0.0665,  0.0300,  ..., -0.2353, -0.3435, -1.2832]],

         [[-0.6736,  0.2199,  0.7833,  ..., -1.4649, -1.3994, -0.3909],
          [ 1.0958,  0.1754, -0.2321,  ...,  1.2263,  1.6269,  1.0827],
          [ 0.1197,  0.6057,  0.0420,  ...,  1.3682,  1.4432,  0.9952],
          ...,
          [-0.9308, -0.9713,  0.7915,  ...,  0.9728, -0.1792,  0.7524],
          [ 1.5442, -0.4346, -0.0421,  ...,  1.6546, -1.7669, -1.1182],
          [ 0.0298,  0.2267,  1.9720,  ..., -1.0823,  1.7962, -0.8629]],

         [[ 0.1493,  0.7291, -1.1069,  ..., -1.3333, -0.3956,  0.5914],
          [ 0.1295,  1.4016,  0.8103,  ...,  0.3317, -1.0046,  0.3053],
          [-0.4745,  0.9218,  1.3403,  ...,  0.3814, -1.6794,  0.1226],
          ...,
          [-0.3795,  2.2050, -0.3708,  ..., -2.7264, -0.2392, -0.1262],
          [-1.3086, -0.3798,  1.6750,  ...,  0.1779, -0.4644,  0.9159],
          [ 1.0787,  0.0682, -1.7775,  ...,  0.1688,  0.2101, -0.4618]],

         [[ 0.8654, -0.0452, -0.5110,  ...,  0.6439,  0.1036,  0.7814],
          [ 0.4276,  1.0900, -0.2255,  ...,  0.2667, -0.4303,  1.4560],
          [-0.1424,  0.7990,  0.9251,  ...,  0.8686, -0.6571, -0.4138],
          ...,
          [ 0.3675,  0.3941,  0.1409,  ..., -1.1376, -0.7412,  1.1338],
          [ 0.5202, -0.5965, -1.2851,  ..., -0.6539,  1.0868, -0.1183],
          [-1.6536,  1.4017, -0.6694,  ...,  2.0860, -1.2176,  1.4579]]]],
       device='cuda:0'), tensor([[[-0.3884,  0.0229, -0.0522,  ..., -0.4899, -0.3066,  0.0675],
         [ 0.2252, -0.5921,  0.7880,  ..., -1.2735,  1.1839,  0.9958],
         [ 0.1834,  0.7285, -0.4001,  ..., -0.9857, -0.2061, -0.2531],
         ...,
         [ 0.5160,  0.4960,  0.0577,  ..., -0.4890,  0.3973, -0.2256],
         [ 0.5151,  0.4955,  0.0505,  ..., -0.4960,  0.3895, -0.2232],
         [ 0.5650,  0.5072,  0.1178,  ..., -0.4891,  0.3994, -0.2480]]],
       device='cuda:0')]]
