[1, 4, 8, 1, 4, 7, 1, 1, 8, 1, 3, 25, 11, 1, 10, 1, 2, 8, 2, 6, 27]
[27, 1, 25, 1, 25, 1, 2, 11, 2, 22, 1, 1, 1, 22, 25, 1, 6, 3, 1, 12, 23]
[27, 25, 2, 22, 28, 33, 1, 17, 3, 9, 34, 12, 22, 4, 20, 4, 14, 1, 30, 25, 6]
[34, 30, 24, 5, 5, 1, 1, 8, 26, 33, 6, 3, 7, 17, 16, 1, 1, 7, 1, 26, 14]
[34, 14, 3, 22, 34, 20, 8, 13, 16, 18, 3, 7, 9, 25, 23, 22, 24, 26, 2, 17, 24]
[34, 25, 18, 19, 22, 1, 3, 14, 8, 32, 37, 15, 8, 1, 3, 26, 9, 13, 17, 25, 21]
[37, 17, 30, 4, 10, 16, 32, 37, 15, 33, 13, 24, 13, 11, 22, 3, 19, 1, 30, 34, 8]
[37, 6, 33, 36, 21, 33, 3, 3, 22, 2, 30, 18, 28, 4, 4, 1, 24, 8, 22, 10, 27]
[37, 6, 38, 19, 11, 18, 28, 36, 26, 15, 33, 31, 17, 26, 19, 19, 31, 31, 20, 8, 28]
[38, 5, 38, 33, 29, 9, 36, 33, 12, 33, 2, 4, 25, 34, 32, 18, 14, 23, 18, 7, 22]
[38, 33, 12, 33, 32, 27, 36, 28, 26, 32, 24, 28, 5, 37, 22, 37, 32, 17, 25, 23, 37]
[38, 6, 27, 16, 28, 34, 35, 6, 30, 11, 35, 7, 29, 31, 34, 17, 35, 28, 22, 34, 18]
[38, 22, 29, 28, 18, 39, 31, 27, 8, 37, 19, 32, 28, 12, 36, 37, 32, 12, 24, 17, 26]
[39, 22, 2, 29, 29, 19, 30, 20, 12, 37, 35, 36, 30, 30, 35, 24, 28, 21, 28, 17, 34]
[39, 19, 10, 36, 31, 22, 23, 11, 35, 13, 32, 37, 27, 24, 25, 32, 19, 28, 28, 29, 38]
[39, 21, 30, 34, 9, 36, 11, 13, 23, 22, 17, 35, 37, 29, 12, 1, 32, 37, 27, 21, 30]
[39, 17, 39, 38, 34, 24, 28, 37, 36, 13, 26, 30, 11, 40, 24, 17, 24, 34, 4, 22, 31]
[40, 21, 26, 30, 31, 15, 13, 36, 32, 19, 28, 19, 31, 33, 22, 22, 24, 10, 31, 24, 25]
[40, 32, 24, 30, 2, 37, 16, 31, 36, 25, 27, 26, 16, 34, 7, 34, 31, 29, 22, 31, 34]
[40, 31, 33, 35, 20, 27, 29, 40, 35, 34, 9, 38, 35, 36, 29, 25, 34, 32, 35, 37, 36]
[40, 35, 2, 32, 35, 10, 31, 25, 26, 24, 10, 35, 36, 6, 23, 6, 34, 29, 31, 32, 34]
[40, 23, 33, 37, 19, 32, 32, 33, 37, 38, 21, 31, 35, 39, 27, 30, 28, 23, 26, 18, 28]
[40, 37, 24, 32, 28, 30, 19, 38, 40, 37, 35, 34, 33, 34, 31, 22, 31, 29, 31, 23, 22]
[40, 37, 29, 19, 28, 30, 37, 40, 35, 25, 24, 30, 31, 27, 36, 29, 17, 39, 27, 33, 31]
[40, 37, 29, 32, 34, 19, 27, 32, 27, 35, 37, 33, 33, 16, 31, 25, 40, 30, 22, 28, 35]
[40, 36, 32, 36, 22, 25, 24, 31, 18, 35, 27, 27, 33, 36, 34, 37, 32, 40, 37, 33, 31]
[40, 26, 18, 10, 30, 35, 25, 34, 26, 20, 40, 38, 39, 33, 31, 22, 18, 29, 34, 34, 28]
[40, 10, 24, 34, 38, 32, 36, 30, 39, 34, 39, 20, 29, 30, 22, 37, 31, 29, 37, 36, 35]
[40, 8, 35, 36, 32, 31, 38, 36, 33, 37, 32, 37, 38, 36, 32, 35, 33, 30, 30, 37, 12]
[40, 24, 14, 35, 25, 27, 39, 38, 17, 32, 23, 34, 26, 30, 22, 38, 31, 23, 21, 21, 19]
[40, 8, 40, 37, 33, 30, 33, 32, 28, 21, 40, 17, 34, 28, 29, 14, 36, 39, 27, 38, 14]
[40, 35, 35, 24, 12, 34, 37, 36, 20, 36, 29, 31, 33, 29, 40, 26, 35, 29, 17, 36, 26]
[40, 37, 40, 28, 41, 36, 9, 32, 36, 35, 36, 39, 37, 37, 38, 17, 31, 38, 39, 26, 38]
[41, 34, 27, 24, 36, 40, 27, 32, 29, 35, 32, 25, 31, 38, 24, 35, 35, 34, 38, 13, 15]
[41, 35, 41, 35, 33, 34, 21, 38, 25, 39, 31, 40, 26, 37, 36, 26, 39, 36, 35, 37, 35]
[41, 32, 41, 26, 25, 31, 29, 26, 37, 38, 25, 40, 28, 27, 40, 25, 39, 7, 29, 40, 36]
[41, 14, 12, 32, 32, 33, 38, 38, 39, 36, 28, 35, 33, 35, 14, 39, 41, 36, 23, 36, 9]
[41, 39, 29, 7, 37, 36, 39, 23, 31, 22, 27, 33, 24, 38, 37, 15, 39, 37, 14, 23, 32]
[41, 36, 32, 26, 39, 36, 8, 37, 34, 26, 35, 32, 12, 39, 36, 26, 30, 32, 36, 32, 32]
[41, 36, 26, 37, 33, 35, 27, 33, 31, 32, 6, 34, 37, 33, 36, 39, 9, 36, 37, 34, 32]
[41, 32, 27, 34, 38, 40, 38, 35, 39, 25, 34, 38, 35, 37, 28, 35, 37, 18, 36, 39, 28]
[41, 38, 25, 38, 19, 38, 40, 37, 33, 37, 36, 38, 30, 36, 36, 35, 40, 39, 38, 33, 32]
[41, 37, 35, 32, 26, 28, 39, 26, 25, 39, 38, 37, 35, 28, 38, 33, 37, 38, 37, 37, 37]
[41, 34, 36, 38, 34, 36, 36, 34, 38, 34, 37, 35, 36, 39, 36, 30, 38, 31, 22, 37, 38]
[41, 38, 39, 37, 33, 35, 38, 38, 18, 36, 33, 37, 30, 38, 40, 6, 35, 40, 39, 35, 34]
[41, 37, 36, 40, 37, 25, 40, 36, 30, 28, 20, 29, 35, 38, 38, 39, 37, 32, 40, 33, 39]
[41, 37, 16, 36, 33, 21, 30, 37, 33, 30, 39, 33, 35, 34, 37, 39, 37, 39, 37, 38, 39]
[41, 37, 24, 34, 32, 35, 34, 36, 31, 40, 35, 26, 28, 31, 39, 37, 38, 37, 32, 34, 37]
[41, 35, 40, 37, 39, 37, 38, 36, 37, 40, 33, 28, 26, 25, 26, 31, 37, 26, 39, 25, 39]
[41, 38, 36, 39, 36, 36, 37, 35, 39, 38, 31, 32, 37, 39, 33, 40, 35, 39, 37, 40, 40]
[41, 31, 35, 40, 37, 37, 32, 27, 35, 38, 38, 32, 24, 37, 32, 38, 38, 37, 34, 38, 35]
