[11095, 11710, 10647, 10883, 11097, 10986, 11253, 11267, 11476, 11370, 11428, 11490, 11660, 11054, 11115, 11660, 11120, 11486, 11411, 11027, 11811]
[11406, 11426, 11519, 11085, 11695, 11323, 11273, 10808, 11367, 11173, 10706, 10986, 11297, 11408, 11339, 11290, 11037, 11450, 11291, 11400, 11341]
[11273, 11264, 11611, 11272, 10998, 11333, 11213, 11722, 11045, 11273, 11236, 10948, 11437, 11421, 10986, 10460, 11449, 11432, 11324, 11496, 11424]
[11214, 11684, 11420, 11496, 11233, 11480, 11527, 10913, 11152, 11250, 11236, 11456, 11054, 11494, 10156, 11536, 11541, 11192, 11235, 11324, 11167]
[11233, 11303, 11243, 11346, 11421, 11467, 11214, 11024, 11264, 11044, 11303, 11253, 11236, 11396, 10478, 11527, 11589, 11420, 11233, 11054, 11107]
[11481, 11502, 11504, 11333, 11465, 11097, 11256, 11263, 11476, 11243, 11079, 11632, 11193, 11270, 11420, 10693, 11589, 11303, 11274, 11210, 11661]
[11569, 11340, 11321, 11513, 11328, 11374, 11238, 10847, 11019, 11137, 11155, 11333, 11049, 11509, 11462, 11190, 11274, 11338, 11420, 11502, 11420]
[10984, 11183, 11037, 11520, 11142, 11513, 11350, 11271, 11413, 11618, 11434, 11162, 11372, 11241, 11315, 11399, 11107, 11509, 11321, 11543, 11388]
[11381, 11298, 11320, 11580, 11434, 11244, 11413, 11250, 11471, 11099, 11581, 11468, 10333, 11326, 11183, 11084, 11559, 11524, 11891, 11578, 11520]
[11099, 11347, 11471, 11320, 11713, 11665, 11474, 11338, 11516, 11383, 11524, 11306, 11236, 11303, 10469, 11547, 11150, 11457, 11409, 11506, 11410]
[11256, 11370, 11150, 11398, 11420, 11478, 10559, 11484, 11083, 11412, 11350, 11597, 11410, 11002, 11387, 11551, 11536, 11326, 11561, 10941, 11300]
[11504, 11323, 11419, 10274, 11187, 11083, 11370, 11437, 11404, 11137, 11551, 11384, 11593, 11349, 11154, 11295, 11751, 10559, 11377, 11276, 11370]
[11303, 11364, 11402, 11551, 11331, 11541, 11174, 11437, 10449, 11399, 11612, 11684, 11339, 10536, 11433, 11480, 11538, 11350, 11667, 11311, 11289]
[11447, 11334, 11318, 11301, 11218, 11433, 11201, 11646, 11456, 11370, 11551, 10909, 11389, 11393, 11032, 11389, 11418, 11667, 11312, 11563, 10609]
[11560, 11496, 11609, 11511, 11221, 11288, 11402, 11646, 11443, 10881, 11359, 11040, 11443, 11560, 11541, 10461, 11370, 11736, 11479, 11329, 11479]
[11370, 11376, 11560, 11383, 11443, 11479, 11105, 11040, 11661, 11383, 11209, 11712, 11487, 11422, 11365, 11370, 11320, 11496, 11317, 11473, 11359]
[11188, 10887, 11405, 11105, 11466, 11440, 11383, 11403, 11342, 11271, 11443, 11560, 11440, 11479, 11040, 11448, 11494, 11308, 11365, 11095, 11620]
[11130, 11091, 11320, 11429, 11440, 11620, 11427, 11308, 11105, 11271, 11363, 11238, 11529, 11649, 11427, 11360, 11268, 11436, 11479, 11562, 11466]
[11419, 11043, 11308, 11791, 10460, 11455, 11440, 11089, 11469, 11453, 11123, 11200, 11502, 11404, 11440, 11565, 11538, 11242, 11281, 11479, 11434]
[10805, 11404, 11479, 11453, 11264, 11522, 11646, 11484, 11452, 11577, 11453, 11149, 11242, 11349, 11565, 11620, 11389, 11342, 11565, 11242, 11246]
[11683, 11627, 11692, 11629, 10424, 11246, 11105, 10832, 11322, 11503, 11381, 11386, 11009, 11404, 11627, 11547, 11264, 11522, 11577, 11175, 11242]
[11264, 10823, 10885, 11365, 11700, 11089, 11242, 10868, 10163, 11299, 10687, 11656, 11364, 11314, 11161, 11029, 11063, 11750, 11455, 11105, 11165]
[11305, 11089, 11714, 10190, 11322, 11214, 11423, 10996, 11133, 11471, 11109, 11656, 10762, 10436, 11417, 10550, 11105, 11348, 11562, 11239, 11202]
[11560, 10840, 10397, 10936, 11368, 11241, 11640, 11050, 11505, 11108, 11663, 10043, 11148, 11126, 11425, 11738, 11155, 11549, 11186, 11122, 11012]
[11529, 11540, 11506, 11512, 11713, 11202, 11348, 11147, 11312, 10840, 10376, 11710, 11172, 11070, 11032, 11827, 11328, 11430, 10936, 11318, 11113]
[11507, 11328, 11341, 10849, 11328, 11486, 10749, 11722, 10376, 11714, 11552, 10782, 10997, 11113, 10886, 11562, 11236, 11532, 11152, 10779, 10840]
[10424, 11636, 11671, 10174, 11674, 11314, 10814, 11248, 11660, 11152, 11152, 10412, 10903, 11113, 11478, 11623, 11357, 10811, 11442, 11526, 11562]
[10722, 11248, 11446, 11079, 10814, 11828, 10921, 11238, 11459, 10732, 10974, 10589, 11522, 11620, 11194, 11562, 11521, 11671, 11728, 10212, 11442]
[10400, 11248, 11687, 11568, 10927, 11785, 11475, 10814, 10903, 10676, 11493, 11259, 11728, 10503, 11635, 10400, 11508, 11279, 11047, 11489, 11483]
[11553, 10400, 10575, 11255, 10561, 11066, 11490, 11717, 10790, 11350, 11355, 11733, 10503, 10614, 11358, 10460, 9972, 11336, 11180, 11362, 10870]
[11196, 10557, 11387, 10791, 9972, 11265, 10351, 11509, 11279, 11153, 10880, 10747, 10676, 10396, 11148, 11544, 10716, 10400, 11682, 11493, 10824]
[10654, 11210, 10711, 11470, 11631, 11261, 10584, 11367, 10480, 10853, 10665, 10899, 11493, 10442, 10440, 11279, 11551, 10309, 10790, 10499, 11493]
[11338, 11522, 10811, 11642, 10913, 11387, 11504, 11143, 11537, 11501, 10606, 10380, 11141, 11177, 11340, 11470, 11419, 10616, 10908, 10464, 10711]
[11501, 11338, 10539, 11073, 11335, 10811, 11419, 11470, 11207, 10272, 10570, 11444, 10666, 11595, 11291, 11346, 11633, 11470, 11356, 10358, 11765]
[10899, 11346, 11105, 11335, 10539, 10602, 11445, 10660, 10466, 11118, 11491, 11419, 11330, 11207, 11503, 11487, 11467, 10262, 10804, 10797, 11474]
[10388, 10814, 10752, 11470, 11335, 11204, 11419, 11213, 11158, 10164, 11220, 11495, 11492, 10946, 10741, 11515, 11398, 11470, 10220, 11469, 11340]
[10764, 10703, 11521, 10271, 11214, 11445, 10236, 11241, 10974, 11383, 11094, 11541, 11601, 11091, 11232, 11435, 9915, 11346, 10919, 11502, 11085]
[10429, 10108, 10992, 10946, 10790, 10204, 11519, 10236, 11128, 11596, 11668, 10367, 10424, 11440, 11299, 10095, 10693, 11006, 11399, 10801, 10757]
[11668, 11467, 10213, 11301, 11614, 11322, 10440, 11591, 10457, 11029, 10354, 11201, 11167, 10828, 10823, 10749, 10819, 10271, 10693, 10095, 11288]
[10930, 10701, 10913, 11301, 10135, 10912, 10973, 10629, 10661, 11268, 10304, 10689, 11191, 10680, 10748, 11335, 10606, 11484, 10584, 10797, 11061]
[10800, 10790, 10932, 11365, 11268, 11248, 10680, 10787, 10614, 11243, 10503, 11423, 10475, 11243, 10629, 10385, 10860, 11365, 10135, 11075, 10704]
[10594, 10845, 10221, 11230, 11203, 10533, 10789, 11511, 10693, 10963, 11365, 10651, 10853, 11268, 11416, 11274, 10385, 10537, 11356, 10234, 11602]
[10529, 11274, 10308, 10355, 11602, 11058, 10566, 11356, 11473, 10376, 11416, 10432, 10317, 10663, 11440, 11422, 11268, 11377, 11230, 10517, 11060]
[11602, 11058, 11366, 11377, 10298, 11207, 11356, 11501, 11313, 11661, 10173, 10802, 10345, 10312, 10366, 10146, 10249, 10760, 10369, 10938, 11422]
[11430, 10565, 11082, 11058, 11248, 11506, 10625, 10938, 11396, 10237, 11445, 10420, 10434, 11427, 10173, 11473, 10598, 10280, 10612, 10311, 10460]
[10349, 11407, 11659, 10387, 10563, 10230, 10598, 11082, 10320, 11168, 10967, 10597, 11356, 10713, 11530, 10372, 10374, 11179, 10475, 10221, 10482]
[10076, 11179, 11530, 10980, 10983, 11594, 10739, 11517, 10372, 10434, 11370, 10773, 10310, 11136, 10437, 10520, 10967, 10338, 10293, 11168, 10730]
[11081, 10301, 11168, 10811, 11179, 10967, 11023, 10346, 11132, 11245, 10185, 10287, 11043, 11218, 11365, 10614, 10983, 11312, 10087, 10306, 11414]
[10306, 11242, 11299, 10701, 10376, 11023, 10346, 11144, 11333, 10310, 11413, 11353, 10460, 11081, 11149, 10205, 10155, 11061, 10125, 10738, 10264]
[10653, 10428, 11245, 10836, 10265, 10263, 11333, 11407, 10205, 10346, 11248, 10463, 11020, 11203, 11371, 10967, 10654, 11333, 10298, 10377, 10664]
