[0.6168926410514399, 0.6095999154118162, 0.48716283552508993, 0.657301198396849, 0.05398166522030688, 0.6612080948425134, 0.5623501488064345, 0.6367246395450846, 0.6541917475774494, 0.11451078831169335, 0.06806257514314913, 0.7030608929666404, 0.6335491687239809, 0.6375179464558123, 0.3737706839904207, 0.47210415121828786, 0.6492735157408389, 0.5989308297528486, 0.5934110089153944, 0.3138799194095856, 0.5764267686055409, 0.4310097632371832, 0.022734245858256365, 0.6106003916276053, 0.5619573953141603, 0.4664265859674685, 0.5415474872789877, 0.6868119047222341, 0.6207669424336206, 0.6584912893052534]
[0.7030608929666404, 0.6868119047222341, 0.6612080948425134, 0.5923244794662039, -0.00837185086764619, 0.6059997030488148, 0.6596856707518345, 0.5758858246902361, 0.5250461529786598, 0.6375953697970281, 0.4975671578550233, 0.47276388410394066, 0.5816448947788004, 0.6691372254139734, 0.36326082375370733, 0.4046467035827351, 0.6758752090168417, 0.1472992149781723, 0.6551351233807007, 0.6377864614416955, 0.3803538286907819, 0.418127642605357, 0.11974927618152037, 0.672995820164482, 0.6549384503640384, 0.695308964714333, 0.6325991874821321, 0.7737275921761789, 0.6620864776648878, 0.6782691747738563]
[0.7737275921761789, 0.7030608929666404, 0.695308964714333, 0.6764513786800828, 0.5744877238613413, 0.6493470626944665, 0.5820479018601727, 0.6384902995104133, 0.6810689774580241, 0.5597042812226813, 0.593640277161636, 0.6942275901067348, 0.8143084341036244, 0.6683207379156173, 0.6082430113430045, 0.6162841749920093, 0.6055455149471941, 0.6658696929888169, 0.30369016180137853, 0.6321865962017115, 0.4655330068132401, 0.6866914668586473, 0.5122819990261482, 0.6753664716968901, 0.6455282331509897, 0.644471812550203, 0.5290117567231205, 0.6509664488779606, 0.47336669685208677, 0.5939272810675107]
[0.8143084341036244, 0.7737275921761789, 0.7030608929666404, 0.583264972037684, 0.609939342850358, 0.6411153222832667, 0.6349285353419661, 0.582733156608807, 0.7012266592538889, 0.4928462794811983, 0.5745828401055164, 0.6083962904728069, 0.6536510916521668, 0.6887128810798758, 0.6990636984393439, 0.6477153465235674, 0.5121240810708196, 0.6696736282588799, 0.584600861907398, 0.45840871103992314, 0.39998938298775627, 0.36827793038030404, 0.8160438145523, 0.7060189740151928, 0.5787880710696841, 0.6909812642139804, 0.46919061943437773, 0.5579696943272001, 0.8191428662038586, 0.7409280618473868]
[0.8191428662038586, 0.8160438145523, 0.8143084341036244, 0.4563718458466104, 0.6374574511786297, 0.6776751455041186, 0.6226673134027105, 0.7218913389622057, 0.7042008553712358, 0.7135344176211589, 0.7709236156324865, 0.819485239485682, 0.8608908660992917, 0.5317099780009918, 0.32942411320414844, 0.8095298686622353, 0.48474717124762845, 0.6959680840567444, 0.6850522283910682, 0.6643479953992248, 0.635039237382747, 0.6614577002353159, 0.754858427137455, 0.67794495026055, 0.687551679535311, 0.4821867476606234, 0.6562737902833917, 0.45631393852546703, 0.6649620133820762, 0.6851716479370025]
[0.8608908660992917, 0.819485239485682, 0.8191428662038586, 0.3480445999650846, 0.6326948440622308, 0.7970556786139658, 0.7989235490887386, 0.6841096772217944, 0.7229674978340597, 0.5716690657423386, 0.8733405850914838, 0.5128263637643538, 0.47011385448996873, 0.356164710069096, 0.6517409376565433, 0.6693896856089782, 0.7332702988455991, 0.7033388616000475, 0.5969080128163328, 0.43212205180707053, 0.6267064312526601, 0.7295215047989911, 0.6456609149038662, 0.7546389557985302, 0.5305804367155247, 0.7894128277955434, 0.8018218228126814, 0.4612361284071534, 0.721929937846498, 0.35038796497624364]
[0.8733405850914838, 0.8608908660992917, 0.819485239485682, 0.816387092955369, 0.12410495539111022, 0.7539046076125204, 0.8502187644291629, 0.5596933157291534, 0.6695270676592747, 0.38786950388506863, 0.6529760917465448, 0.7404963651275875, 0.6731816516230895, 0.5646142378934278, 0.5157108112426618, 0.8132758333457746, 0.8074593402108837, 0.7199393047659547, 0.18959554706688347, 0.7968514295029137, 0.8052594349994273, 0.8226057735508702, 0.8303058422037669, 0.8518062571722352, 0.22843944927375004, 0.7872668098542968, 0.8059943423746974, 0.6353299500009761, 0.8817315875445364, 0.5601582932918084]
[0.8817315875445364, 0.8733405850914838, 0.8608908660992917, 0.8361028762179283, 0.627465445064189, 0.48381433372375465, 0.8784759710484528, 0.7895377834268922, 0.7770467038352193, 0.8077089745861965, 0.6144944601059358, 0.7482453589842227, 0.5593563071362003, 0.8777601436139624, 0.40545145357172163, 0.8402614736660838, 0.7962606426342768, 0.77372485024543, 0.7994995746593829, 0.686102161315032, 0.8415659783350877, 0.8248231821385555, 0.7010121843614632, 0.6159325830428423, 0.5218730326552558, 0.8156250439443119, 0.8654116510224507, 0.4690935569148436, 0.9014742604204375, 0.626265802664235]
[0.9014742604204375, 0.8817315875445364, 0.8784759710484528, 0.6779885169516998, 0.8810446240158851, 0.8049253937865447, 0.33308599025944935, 0.5414629821314687, 0.8878260154857307, 0.32014919692491456, 0.854828684067003, 0.7553480790191787, 0.7371145068634266, 0.5696519098635395, 0.8696126894115044, 0.761502984692152, 0.7283978444565025, 0.8663679945782007, 0.8799514171381629, 0.87097956571905, 0.8242130180849034, 0.8687272068821819, 0.8809979362362648, 0.5091775333016213, 0.8094066997126327, 0.8778120546610513, 0.7851013453773487, 0.8026772934072397, 0.7295421739208736, 0.5547730821693757]
[0.9014742604204375, 0.8878260154857307, 0.8817315875445364, 0.7685270997326197, 0.872942119069373, 0.7404434985468473, 0.884468816359086, 0.8482381071386831, 0.8930308407161944, 0.8504287164017162, 0.8782632603959603, 0.8786949632723848, 0.8969982390720797, 0.8366672960608282, 0.8297424469157006, 0.830997465665367, 0.8933198464386799, 0.8545513078624006, 0.8930133602710955, 0.8623761045260394, 0.9137981219037562, 0.815449997807015, 0.8908818250014156, 0.7819021079871068, 0.7930118469717259, 0.8460173193953602, 0.8516289092093384, 0.8121180698005357, 0.799838402217788, 0.584572160805363]
[0.9137981219037562, 0.9014742604204375, 0.8969982390720797, 0.9158599569016401, 0.8245770310615995, 0.8882351848887946, 0.8296777263042092, 0.8740368563188093, 0.8762220047886445, 0.7404698384237709, 0.8381531701851866, 0.8974007961673921, 0.8283961564129223, 0.8125213414789928, 0.905740156001614, 0.8983036176776894, 0.8925293388847649, 0.8717106433744335, 0.8892463066099212, 0.9002713248903157, 0.8754909770312855, 0.9301097237568084, 0.8055610484932798, 0.7474155113488935, 0.7094106547042153, 0.866948629506155, 0.837529444556504, 0.919658941610529, 0.8735463989563422, 0.8908586804506441]
[0.9301097237568084, 0.919658941610529, 0.9158599569016401, 0.8836056756550563, 0.9149129862943598, 0.8681472341297355, 0.8924126301457587, 0.8641958756784476, 0.9149923588465596, 0.8759733140738694, 0.8217757173450366, 0.9180299033474939, 0.6223947492919926, 0.9108512405323026, 0.905085638266374, 0.8948240140060477, 0.9012211045596193, 0.8734203707555189, 0.907821626808203, 0.9123767924940216, 0.8630938636999843, 0.8265823229498206, 0.8431464396774513, 0.9023476498133663, 0.9093555473626699, 0.7452520813191769, 0.9164010695081217, 0.92290116177971, 0.8738874969509172, 0.848057652355344]
[0.9301097237568084, 0.92290116177971, 0.919658941610529, 0.9080488957915215, 0.8813925464955754, 0.9109318859830335, 0.7786378099475106, 0.9227407694575962, 0.8309630666328404, 0.798645247739771, 0.8791475372993808, 0.9346709695603292, 0.9097855677860075, 0.8706303729427903, 0.8340238175246214, 0.822520277808391, 0.8105774104481305, 0.9193641999874372, 0.8943246365055839, 0.92092891727269, 0.9139852911483335, 0.9092473868858088, 0.7479007468403226, 0.8963548871309175, 0.8949686915857057, 0.8899715404847185, 0.857493071424578, 0.8267113571846919, 0.8045706427037848, 0.9157350849839335]
[0.9346709695603292, 0.9301097237568084, 0.92290116177971, 0.8527271091957216, 0.9290487547131446, 0.904210976555141, 0.835043114036829, 0.9171963988248901, 0.9056491093784462, 0.9060676417964012, 0.8587627248710614, 0.8906773303251224, 0.8817337534922622, 0.8653700397845915, 0.8931057146589902, 0.848083377524901, 0.9330034890812783, 0.9294386943402865, 0.8934599471085902, 0.804101939709059, 0.9238497916410544, 0.8300533008978342, 0.8533426368818665, 0.9108198732264053, 0.8874304464442289, 0.9080016061357312, 0.8854095023484998, 0.9233290053905635, 0.8692450202166746, 0.9029875725804837]
[0.9346709695603292, 0.9330034890812783, 0.9301097237568084, 0.9194189799633301, 0.9208586037384252, 0.852912310332583, 0.820096630070985, 0.9076864122375395, 0.8933114399766876, 0.919573434330396, 0.8830728875379893, 0.9201663167772807, 0.9067909353630096, 0.8499476469593797, 0.8888939785648754, 0.8788606360504773, 0.8812459562734669, 0.8734758773110561, 0.9198414321834858, 0.9101359962824064, 0.7283500314488148, 0.8249422734864699, 0.886136891822156, 0.9025713956077982, 0.9047351982511986, 0.6897681173495174, 0.8674187464333449, 0.9263731331815276, 0.9109544673608414, 0.9297414538703703]
[0.9346709695603292, 0.9330034890812783, 0.9301097237568084, 0.760390784747784, 0.8671817788226875, 0.9014512364429723, 0.9136775373603412, 0.8462048094233937, 0.9043670789173031, 0.8308464085560231, 0.9092930007826961, 0.9295876871918363, 0.9102170855385262, 0.9350566989540503, 0.9258864247826143, 0.8531486448984994, 0.8278585720902087, 0.8908348740135454, 0.9120076704622316, 0.8994054668498732, 0.8974044269794014, 0.9268721249953505, 0.8994653060567177, 0.8368526368836432, 0.920361291935777, 0.9177084036459535, 0.8543626931717795, 0.9028762377088467, 0.8953514941467801, 0.9327902345969438]
[0.9350566989540503, 0.9346709695603292, 0.9330034890812783, 0.7541114831689442, 0.8860051611874157, 0.5085191993622518, 0.8887113416130098, 0.9182088649567822, 0.9078712993294815, 0.9020769187245703, 0.9208363520620481, 0.9022670566895572, 0.9042592183282431, 0.8144262034219811, 0.867567475002579, 0.8273771626105768, 0.9212382832302024, 0.9383184599395865, 0.8839631901936681, 0.8613021507204296, 0.9060080298060054, 0.9277593567443352, 0.9195411467985086, 0.8877234111682799, 0.8832618043272148, 0.9141185609758091, 0.928180499077927, 0.927470036150106, 0.8879105216545007, 0.9275229390891666]
[0.9383184599395865, 0.9350566989540503, 0.9346709695603292, 0.9288197692130449, 0.8815097724303429, 0.7778030318895381, 0.8891179008518066, 0.7154776231558125, 0.8501842715117344, 0.9050734755598222, 0.8735619078298538, 0.8953223737136997, 0.9200632804648918, 0.9384886300230314, 0.8148948614185433, 0.9182882707291452, 0.8690573588044166, 0.9145858023995157, 0.9249321170584662, 0.9192731800149965, 0.9089631972287778, 0.932098045972373, 0.9271582716412876, 0.8696567283455988, 0.9160184644789915, 0.9295903495320943, 0.9213537476453298, 0.9095186304293854, 0.8432034629954954, 0.9361073664852423]
[0.9384886300230314, 0.9383184599395865, 0.9361073664852423, 0.9174187808977804, 0.9089072838810293, 0.7686051155694804, 0.8459675939660981, 0.9310247547867787, 0.8912202406004116, 0.7709844135109479, 0.9292202739311836, 0.9176070302461627, 0.8979373377675864, 0.8877554838563475, 0.9384007031349866, 0.9187607035580685, 0.906355769542801, 0.895411154328355, 0.9282638713286435, 0.7758394168359057, 0.8540481213322676, 0.8636252923205142, 0.8569677517341304, 0.9165252379364969, 0.9386780945772836, 0.8593188924302385, 0.9315130953813199, 0.8004395843007498, 0.8764587404682199, 0.9113183894278195]
[0.9386780945772836, 0.9384886300230314, 0.9384007031349866, 0.8480978866067261, 0.8337272035603717, 0.9331494084513469, 0.8339054725244137, 0.8893246179612158, 0.9382827739024393, 0.917034265455617, 0.9220487734105904, 0.9222375865224535, 0.9131431598111808, 0.8579154074635393, 0.8268783390864002, 0.917745749232957, 0.9178759446548267, 0.8866397597137772, 0.9101521027864893, 0.9299763588942377, 0.918645378050517, 0.9091383245371903, 0.7637422029113731, 0.9024738394629368, 0.8936847657535679, 0.9190043813307781, 0.8869232647014139, 0.8826832041501292, 0.8876296664178859, 0.8452544855362867]
[0.9386780945772836, 0.9384886300230314, 0.9384007031349866, 0.8173444904646826, 0.8604054453719319, 0.9272614305282584, 0.7802167972918372, 0.9248880660459688, 0.9388739936975962, 0.8373304656215407, 0.92622583630743, 0.9190708162691982, 0.9217835261965888, 0.9284203801274359, 0.6460609205425107, 0.9272128945418804, 0.8385662425181452, 0.9162395017168572, 0.9124383708797975, 0.9200226290271881, 0.9331999573248522, 0.9083291599787972, 0.8355365672247872, 0.923400309351088, 0.8210239542804245, 0.6506814206788996, 0.9107466884915703, 0.9390407482805595, 0.9417660914567352, 0.9147913409228936]
[0.9417660914567352, 0.9390407482805595, 0.9388739936975962, 0.9226987236759229, 0.9206783971106575, 0.8960903461159591, 0.732315061823835, 0.9182831458326173, 0.8764111117232417, 0.8571882996865549, 0.8682201077650507, 0.8815993046045872, 0.914875306851362, 0.9119102195886941, 0.9085531920937594, 0.9122395987531319, 0.9232182887612035, 0.8977938156118248, 0.9328858761621962, 0.9451214643821879, 0.8471326445006254, 0.7697415473894391, 0.9007769495549643, 0.940507895548814, 0.8109388687236064, 0.8853499981274485, 0.9276676001887426, 0.8496315423186241, 0.8670676113251051, 0.9393870583711579]
[0.9451214643821879, 0.9417660914567352, 0.940507895548814, 0.9176836853201186, 0.879466457884738, 0.9318857160476844, 0.6813140262155981, 0.8835727374656217, 0.9012584421084945, 0.8327964929577834, 0.8847090565746053, 0.9312847161959563, 0.881636308438163, 0.9174797349349889, 0.8865973796919782, 0.9373471358735203, 0.9329535194445856, 0.9049589262358155, 0.9304368321813795, 0.8794582984108028, 0.9056738044217783, 0.9147315392110485, 0.9313598149553036, 0.9044605777152651, 0.8919500145216894, 0.8802143378165446, 0.921371913572926, 0.9153512026476284, 0.9132028405279856, 0.9214621915389964]
[0.9451214643821879, 0.9417660914567352, 0.940507895548814, 0.9012299428053588, 0.932315237588225, 0.9306027448612101, 0.9455047812037016, 0.9181268667659692, 0.8961039608375376, 0.8391041611846766, 0.8998770733256646, 0.8984279370611552, 0.9407681166182355, 0.9079161904607141, 0.8729351472520911, 0.9240166508206044, 0.8194643449040936, 0.9348653946021823, 0.9063310439996315, 0.7777901772102748, 0.9191488108102078, 0.9141071460309449, 0.9223833728095157, 0.7907171484459871, 0.8587570599983162, 0.8825807719628308, 0.9121109894659244, 0.9137926878625787, 0.7921004979774695, 0.8830044711820415]
[0.9455047812037016, 0.9451214643821879, 0.9417660914567352, 0.9483448655419082, 0.9026328326086024, 0.8993068335102644, 0.9306382926684432, 0.9061975375096984, 0.8607042069110339, 0.9141079486416464, 0.5737726973946897, 0.8602933685509987, 0.9457042738728455, 0.9226411548284589, 0.8770302819568445, 0.931534575150296, 0.9047795236982847, 0.9150416104314157, 0.91874541081865, 0.8528664702360773, 0.9091287769602643, 0.9413691810210394, 0.7735853266589391, 0.9095374768534737, 0.8991137402606988, 0.9074529583728439, 0.9411805887988229, 0.926922854927578, 0.9386993105985177, 0.8842315855987011]
[0.9483448655419082, 0.9457042738728455, 0.9455047812037016, 0.6791684691208989, 0.9416385973828713, 0.9333628660382643, 0.9350876146182255, 0.8855489998585798, 0.8857231956868751, 0.8422890993160989, 0.7381356710853652, 0.7978229896088603, 0.6035932856016413, 0.7729274083728283, 0.8478168525381053, 0.864921506192296, 0.8864204973667095, 0.9367404131230614, 0.9222918847531045, 0.9444845019145067, 0.8974772466565828, 0.9030935522785936, 0.922787962804121, 0.9158588722882739, 0.941144022574233, 0.9358316576324482, 0.9242955570332098, 0.9314441830913843, 0.9010979371781064, 0.9015264282670988]
[0.9483448655419082, 0.9457042738728455, 0.9455047812037016, 0.8885119856361433, 0.824064178441336, 0.9188807636298881, 0.9118555552502193, 0.8514811729363342, 0.911339829658109, 0.9028339943120349, 0.8527724612710008, 0.9137667907115752, 0.8392534771926934, 0.894943690857316, 0.9234420767723636, 0.8471427280131394, 0.8499805661224682, 0.9024621373945905, 0.9286752222489131, 0.9277439899339801, 0.9167961319726572, 0.9371545695752912, 0.9288650013583577, 0.9120754614614904, 0.9116453729080297, 0.796145182413637, 0.9464463115947622, 0.9528566372590858, 0.8765543909689928, 0.941104553706152]
[0.9528566372590858, 0.9483448655419082, 0.9464463115947622, 0.932064947712454, 0.8815369953581035, 0.9021107646119223, 0.8538357114559451, 0.8828611227400447, 0.9230293345790057, 0.8573173490310032, 0.8817459022348709, 0.9387111770146129, 0.9256429965517718, 0.9055802134070455, 0.9197698731241231, 0.7932028623140148, 0.9047724042554163, 0.9435226463315632, 0.9249112828150235, 0.9087070910589875, 0.9523883964593002, 0.9415496073102033, 0.9059171268411895, 0.7931558978651548, 0.9402704354706409, 0.8605197186812261, 0.9266393648484246, 0.7769912246734175, 0.9134456822174244, 0.8532429626737741]
[0.9528566372590858, 0.9523883964593002, 0.9483448655419082, 0.9341401988966208, 0.9331483800218424, 0.9540450296032208, 0.868067382120945, 0.8590033823297751, 0.9398677453575824, 0.8937205543981904, 0.9040174144581066, 0.913713535694795, 0.9271473142631542, 0.9543813056723259, 0.9117576201599067, 0.6923404339067696, 0.9429956175988358, 0.9391773939744505, 0.8155996779946909, 0.7543039740617615, 0.767346997536213, 0.9204455566426373, 0.6793532757690995, 0.888265558865666, 0.947790519565823, 0.9124647690781069, 0.9093008572933307, 0.9251319904027867, 0.8857480906211489, 0.7298131500055838]
[0.9543813056723259, 0.9540450296032208, 0.9528566372590858, 0.8827103893014987, 0.8080331431515498, 0.9258469456153663, 0.8773734261227659, 0.9054257671219473, 0.7706489341063417, 0.9458103655653892, 0.9149487360729729, 0.9495174303277258, 0.9402685800136367, 0.8770636133483277, 0.9241337879120749, 0.9359694326117055, 0.8651046791320162, 0.8455047150883596, 0.9489930536278768, 0.9469167726578358, 0.9022949142543348, 0.9257269014961813, 0.9310233471788497, 0.9127983842700439, 0.9190113311305235, 0.7947209056039444, 0.8822693541258639, 0.9454976959677072, 0.9385286432288468, 0.8137950621850828]
[0.9543813056723259, 0.9540450296032208, 0.9528566372590858, 0.9338473140448078, 0.9506057934971534, 0.8840493688096058, 0.930303871875189, 0.8502449520259128, 0.9503997862042356, 0.8498514747192791, 0.7912650508240592, 0.9419309018029954, 0.7420235918140091, 0.9227866820011782, 0.8928878726794157, 0.6732254634535524, 0.7880864624240537, 0.9462683110444354, 0.9072720978878588, 0.9439454511271188, 0.8975449655226415, 0.6459940225236189, 0.8360221533262644, 0.9366449496799695, 0.9108452632459304, 0.8315803170560981, 0.8486008516381878, 0.8891916266241463, 0.9051473671489003, 0.9458243514088824]
[0.9543813056723259, 0.9540450296032208, 0.9528566372590858, 0.5903059215990253, 0.8311141103894542, 0.9278656500963791, 0.9261126417223438, 0.9384464034496125, 0.9177620299039818, 0.9354763189040443, 0.8666825807170488, 0.9370878873300593, 0.8980208950871151, 0.7072181987583692, 0.9446469074099866, 0.9274178296776913, 0.9164444001670092, 0.9169425776444211, 0.8493918374311665, 0.925658400743158, 0.8110520288320816, 0.9435995617137045, 0.9591131926682083, 0.9211453020302259, 0.9503629927030425, 0.8650259119670565, 0.9527891323539522, 0.6853386880734414, 0.8523510951989369, 0.9364593727697743]
[0.9591131926682083, 0.9543813056723259, 0.9540450296032208, 0.8473445006115385, 0.8834933273009661, 0.929793571039498, 0.9400186877925333, 0.9114845067676373, 0.8849158538278126, 0.9111814457388899, 0.8715360937964399, 0.6392709390640221, 0.9437272671262034, 0.9251116104694511, 0.9579450251615701, 0.8892054242223141, 0.9136878106070507, 0.943846610370845, 0.9289810258134693, 0.8391463080560837, 0.9092135823695082, 0.8778753278346321, 0.9507385256156792, 0.8272470445498518, 0.7082764062357627, 0.9452033021377676, 0.9326198112640917, 0.9406803712658101, 0.6178892899045189, 0.8940115477891774]
[0.9591131926682083, 0.9579450251615701, 0.9543813056723259, 0.6506600106767896, 0.9370638098794102, 0.9471101883881985, 0.9267604948170708, 0.9208137734377398, 0.8939168884685121, 0.9196320382248879, 0.9302415874656647, 0.8478258972452197, 0.9387382930541217, 0.9516551890447775, 0.8711787390274293, 0.9017037174736859, 0.9448430858558755, 0.9521607865365261, 0.8837724961249229, 0.9311793109497855, 0.7953207238449536, 0.8958310620348281, 0.9219067065967906, 0.9482842316996578, 0.9266440593776601, 0.8893307107473188, 0.9477381688437686, 0.9263535646104202, 0.8646465704614629, 0.8640928378505058]
[0.9591131926682083, 0.9579450251615701, 0.9543813056723259, 0.902698612725381, 0.8728857223656478, 0.9254062470900782, 0.9152036102601105, 0.9162893238359351, 0.921732949584575, 0.8858791564104274, 0.9293097359756601, 0.9380772769085017, 0.949176961307996, 0.7526165057348838, 0.8878378206543895, 0.9081547064518087, 0.93806114772987, 0.9438897457016961, 0.9571867225953072, 0.9003170036221547, 0.788913790483075, 0.8440005857901973, 0.9312288017422865, 0.8258045447247301, 0.743264227954844, 0.9179082084242655, 0.9017482910242449, 0.9286728250616458, 0.9167092122273038, 0.8398808954372912]
[0.9591131926682083, 0.9579450251615701, 0.9571867225953072, 0.863345555989172, 0.6320288026994102, 0.9281243405225615, 0.907780862566726, 0.929507346255322, 0.9049597130150951, 0.9633036270106423, 0.873243049267513, 0.8224246801077417, 0.934044159995066, 0.8889931256627981, 0.8692093721745154, 0.9082317830960988, 0.93001108042043, 0.905320306479923, 0.9411530416612426, 0.9232249200629656, 0.9394186709842078, 0.8576382016781463, 0.8722553919968717, 0.9364716521288469, 0.9368719178876583, 0.9537434606361753, 0.9255242654264373, 0.9202892710579482, 0.9428849287009662, 0.7335887936667664]
[0.9633036270106423, 0.9591131926682083, 0.9579450251615701, 0.4618040418295083, 0.7908164611357799, 0.8338811602523587, 0.9389084028612612, 0.8897607605086746, 0.9495132516800119, 0.9395671894093014, 0.9441475156181843, 0.9341511535157779, 0.9502919328663926, 0.643075859691169, 0.9297936150374202, 0.918622212812504, 0.8595891520668266, 0.9367693187605968, 0.8497089835811893, 0.9415619924819894, 0.9131911730491202, 0.8757692452890452, 0.8499985080409307, 0.9058863872776762, 0.8513850340190389, 0.9389774850675447, 0.8782654605006999, 0.9160405325578648, 0.8507037986287637, 0.9418019714890535]
[0.9633036270106423, 0.9591131926682083, 0.9579450251615701, 0.9533379384399934, 0.8664072628537095, 0.9350870597142785, 0.8690759562839058, 0.9479382430582307, 0.9024961318244044, 0.9519683247451024, 0.8976477579059352, 0.9224249292515447, 0.9576966951475033, 0.773954497654689, 0.95879785611222, 0.8471072966514709, 0.9460052360654579, 0.8305079597308105, 0.7406655533253975, 0.9276532890339585, 0.9497062947769052, 0.934615533192153, 0.7815278668027722, 0.9389999048386957, 0.9093379186651576, 0.9560727835329408, 0.8453471638262848, 0.9622361981298234, 0.9611332798162143, 0.7899261180134879]
[0.9633036270106423, 0.9622361981298234, 0.9611332798162143, 0.8768273139936059, 0.9335421409870357, 0.9244517377602496, 0.9152697995004968, 0.8805924766197353, 0.8585019081330927, 0.9420029676224196, 0.9362697257853052, 0.9488452857926022, 0.9482047882339845, 0.9099712798172561, 0.6715076071606484, 0.9434061994431218, 0.9129934021513604, 0.8908966699226922, 0.9495464297463571, 0.8672152991714338, 0.878914114767542, 0.9027311959981799, 0.9459683833269151, 0.93995415207863, 0.7751037874864909, 0.9028884995475478, 0.9425886513126587, 0.933159468892156, 0.9337355231230228, 0.9584102322099202]
[0.9633036270106423, 0.9622361981298234, 0.9611332798162143, 0.9478250467393747, 0.9418476111280815, 0.9383966377777543, 0.8468868837777942, 0.47538895780559476, 0.9321408201857937, 0.9221229398039033, 0.947314105093004, 0.9319834375302806, 0.932800949599087, 0.9437841218545437, 0.9354279240842107, 0.9229934934306893, 0.8469282203006809, 0.9315806584506685, 0.5209512569372329, 0.9297360711317679, 0.8807260172850516, 0.932730184194859, 0.6188386513488299, 0.9278669003135439, 0.8735714139734962, 0.643907646551705, 0.9305062347762133, 0.9460708656626695, 0.8293678201424635, 0.794732531599053]
[0.9633036270106423, 0.9622361981298234, 0.9611332798162143, 0.9548557493541325, 0.9230716233572558, 0.9319891262942327, 0.9479231116298587, 0.9483491015352782, 0.9473109800486594, 0.955147203937266, 0.9004596229399137, 0.9551481056201868, 0.8654462755832106, 0.9433514898783327, 0.80921790757836, 0.9411731197928809, 0.840874403173089, 0.8542709961946947, 0.896253820969213, 0.9283411374106488, 0.9264316330022916, 0.9487828482283847, 0.8841750969447364, 0.9169977628897445, 0.7579505787157906, 0.9161359749833148, 0.8932766066318919, 0.9547026973564522, 0.9258448932295515, 0.9222071627165258]
[0.9633036270106423, 0.9622361981298234, 0.9611332798162143, 0.8937352010066949, 0.9494847665099267, 0.7998390471824709, 0.9434145013907268, 0.9540644373957213, 0.9484978213361072, 0.9224114937241209, 0.9102817229320859, 0.9224043720351239, 0.951870167285603, 0.774292381743705, 0.9204819793890273, 0.883989068568854, 0.9292324373579043, 0.9395471290467867, 0.8643470611050554, 0.9412324757829129, 0.8675124867858472, 0.9291839831707714, 0.9599362114468618, 0.8651656563161351, 0.7810993554630737, 0.9516718817317671, 0.884300011313503, 0.9494125249187377, 0.9481211480634915, 0.8956529745061055]
[0.9633036270106423, 0.9622361981298234, 0.9611332798162143, 0.9529629179086849, 0.8330885072752612, 0.9487303556395097, 0.7462950076512318, 0.9242299707088196, 0.8918643478729682, 0.9238698914269773, 0.9330345705786374, 0.9275798912417423, 0.9554313755541143, 0.9390574616710986, 0.8655175884989008, 0.9407461345631772, 0.8897835571454539, 0.8265562102645178, 0.9151213521277193, 0.8307416018179444, 0.9343703282541311, 0.9401033895325952, 0.7420252832101077, 0.9179981177925052, 0.7407262749274804, 0.9506231258727416, 0.9338399285555745, 0.8196223506946126, 0.7847082659609804, 0.8818095591935405]
[0.9633036270106423, 0.9622361981298234, 0.9611332798162143, 0.9040457035252514, 0.9400872728321044, 0.9225045982454293, 0.9370882777053257, 0.5791764917463927, 0.9355204582338694, 0.9626287288508011, 0.9374755936025488, 0.8564437808166508, 0.933513228454126, 0.8569993489239834, 0.5604202648341454, 0.8902286307773131, 0.9535203884833234, 0.8179717033243997, 0.8519849739093055, 0.8932784044785457, 0.9416406413300429, 0.8744430595905959, 0.8768050564232436, 0.9494072333117288, 0.9179064829286679, 0.792226907888383, 0.8927567651443858, 0.8977485831176957, 0.8104690485879913, 0.9512869304587092]
[0.9633036270106423, 0.9626287288508011, 0.9622361981298234, 0.8531684059481357, 0.8610315260276302, 0.934778464809867, 0.842521790650253, 0.9287925951032937, 0.9526799303647393, 0.9425740360063882, 0.7374045552658492, 0.8610761188829626, 0.9504656728943668, 0.8175804713443544, 0.9426641024328826, 0.8241370516946809, 0.8773379314676494, 0.8775850618404751, 0.8745286044917603, 0.7695531520581465, 0.9427775938571114, 0.9106011764702279, 0.9024053181708608, 0.9090810640463571, 0.9259463824989081, 0.9615261711297649, 0.823280318520597, 0.9304529172178476, 0.7830501334607572, 0.9628091699604889]
[0.9633036270106423, 0.9628091699604889, 0.9626287288508011, 0.920421896784577, 0.9316734400071142, 0.8609801608372541, 0.9524492723832918, 0.9422690718311935, 0.9030811806455192, 0.9636102388063946, 0.8857541928788741, 0.8938069601665816, 0.9081646064910175, 0.9538771104069765, 0.9421614592984926, 0.7729345796165706, 0.9428765653915405, 0.7558829071640168, 0.9372568401846711, 0.9490913800663918, 0.9121886286984815, 0.955048083880578, 0.9013364123870314, 0.9561707906282676, 0.9125900474956359, 0.8127778484100253, 0.9401399852915517, 0.9105860410039156, 0.7955296306128353, 0.8176079834806621]
[0.9636102388063946, 0.9633036270106423, 0.9628091699604889, 0.9019678207260093, 0.815449463542876, 0.8814568842411014, 0.7263804520910095, 0.9472160938808541, 0.6671052396490438, 0.959117268949157, 0.690516906790097, 0.7362059277726074, 0.9307722431502751, 0.8884461210169673, 0.9202080466270619, 0.960231823411367, 0.9529091899760433, 0.9561833689679121, 0.9587583033897804, 0.86994971638161, 0.9320151873489837, 0.7090983487416116, 0.9418568841050893, 0.9429684472558467, 0.8555748574829153, 0.853250497671259, 0.9244942624230844, 0.9587942381044305, 0.9063670402800912, 0.8127730679852542]
[0.9636102388063946, 0.9633036270106423, 0.9628091699604889, 0.8249640870601997, 0.9101286083454253, 0.9302187678396617, 0.3377988110510629, 0.9105672084630365, 0.9003760471752151, 0.9148022287489794, 0.9564211368099149, 0.9523439976166623, 0.9083145867661845, 0.9520857122349917, 0.9359472219239359, 0.9542353722375267, 0.9475473985525003, 0.9363848176054006, 0.5686911381584627, 0.9114330496189568, 0.9377217491084557, 0.8518745815833284, 0.9498683075052984, 0.8513159229844721, 0.9227125691650288, 0.935908875753021, 0.8882273131217746, 0.9571217564575027, 0.8927471142087386, 0.9403725774335573]
[0.9636102388063946, 0.9633036270106423, 0.9628091699604889, 0.8436534143123188, 0.9083797198404228, 0.9419968533934223, 0.895506258814709, 0.9526079138025282, 0.8048046179946626, 0.8989490068194285, 0.8457819973915025, 0.9153135682091095, 0.6023352840858791, 0.8761527101456378, 0.9308637108718705, 0.9310449395574258, 0.8978950462018598, 0.957664403925889, 0.8287788476943231, 0.935359564614188, 0.8279531938088219, 0.7755824041429467, 0.8379772893802118, 0.6948495275702092, 0.9294555091794916, 0.8278874061893413, 0.8772109117019377, 0.8812633030234825, 0.9373995977272918, 0.9561492237857486]
[0.9636102388063946, 0.9633036270106423, 0.9628091699604889, 0.8803895963082455, 0.9328702479696337, 0.9506757682578049, 0.894981159191862, 0.762408597699773, 0.9222632864783495, 0.9032972197690887, 0.9567566315954662, 0.9318451544747053, 0.9573631718709062, 0.6976854886294258, 0.6766041564181156, 0.9306274851934062, 0.9471616793279368, 0.9012137408661688, 0.8484202151591703, 0.8040155496587134, 0.9314340544211847, 0.9308467048028446, 0.7880770698612548, 0.9436161194162176, 0.7128514818721435, 0.9541634811516174, 0.9177472991807157, 0.9347776974788746, 0.7977558164242073, 0.7999002840640649]
[0.9636102388063946, 0.9633036270106423, 0.9628091699604889, 0.8740631296576136, 0.9299295640780406, 0.920019329421535, 0.7650420536128382, 0.9340528578765471, 0.9257374061179287, 0.9030930680543074, 0.8719957515174726, 0.9300365950135354, 0.9538459682597973, 0.9149951936914398, 0.9517145111122689, 0.8429511812843883, 0.9496184144783718, 0.757948130935465, 0.8824768534854641, 0.7293659338239019, 0.5471602975999978, 0.9541623846290264, 0.917800380021392, 0.8960610806660146, 0.9129703184806737, 0.9080691796003167, 0.9443448667753896, 0.9065620036813161, 0.7597295681980573, 0.9367645031310687]
[0.9636102388063946, 0.9633036270106423, 0.9628091699604889, 0.9210229206480892, 0.9411570218769032, 0.7103275619701731, 0.8766574176705401, 0.9519669248515518, 0.9247931785459058, 0.7810510358919922, 0.800806902772298, 0.9003824560826286, 0.9289287597652309, 0.787007594448331, 0.9269714389067307, 0.9277858365563588, 0.9231926147690757, 0.5168409115511788, 0.9359583073155018, 0.8478411137065381, 0.9084138653548243, 0.897617448604284, 0.8882876227731655, 0.9424525958624033, 0.9542829220935476, 0.9287776811679956, 0.8912474868103056, 0.9137661517419308, 0.7676249973670003, 0.9191119643819669]
[0.9636102388063946, 0.9633036270106423, 0.9628091699604889, 0.7914496446289759, 0.9454101804332737, 0.7448392941647901, 0.9441244955852697, 0.9395565911481942, 0.9595880234606349, 0.8529027086028284, 0.9419025705112274, 0.9235373584437346, 0.818057784886567, 0.8855872080234293, 0.8916338583047692, 0.9080679045935163, 0.9481383269560927, 0.8736287455562673, 0.8039646367369696, 0.9388366535846687, 0.9463677375315477, 0.9091529277613103, 0.9349331588211378, 0.8193706192393174, 0.8599254823193682, 0.8890630784163532, 0.8280423049571066, 0.8795704430128436, 0.9015819094500819, 0.9472239180553471]
[0.9636102388063946, 0.9633036270106423, 0.9628091699604889, 0.9374441956097477, 0.925065973504609, 0.9553143316913137, 0.9228765292779866, 0.9590604891795913, 0.9042757776429486, 0.9054146824039266, 0.9402728325168034, 0.6242421566086053, 0.9414449119371576, 0.8369025010327976, 0.950961253648852, 0.8481191854345574, 0.9543135091975111, 0.9055447877504872, 0.9511651942093685, 0.7931454530134655, 0.9381480800410195, 0.9069215034129418, 0.8436912884673701, 0.9250758654943063, 0.870997908900492, 0.9322249853544238, 0.9013941610239733, 0.9213564980362748, 0.9005508578293923, 0.8863882836339586]
[0.9636102388063946, 0.9633036270106423, 0.9628091699604889, 0.9371031595727792, 0.7053871854844102, 0.9130340221080298, 0.9124832090592552, 0.7911995333018811, 0.9302089963550841, 0.9418109940234355, 0.871104271301049, 0.9028358092669602, 0.7826968811139766, 0.9456446845524642, 0.7640522501373624, 0.9153804164787547, 0.9001946095393402, 0.6503073556529864, 0.915123788356634, 0.8968232294156187, 0.9496014787089263, 0.7695456488409385, 0.9355437132692709, 0.913099415618277, 0.8627381433306474, 0.9237387004977695, 0.4356074805152031, 0.924621486460533, 0.9315196878539121, 0.9068194363775486]
[0.9636102388063946, 0.9633036270106423, 0.9628091699604889, 0.8458994280954749, 0.9056974177450352, 0.962299854019565, 0.9344055397398767, 0.9306107854968397, 0.6443722650687864, 0.926972652552606, 0.883553757643216, 0.9295386141882968, 0.9345803633156122, 0.8891793672171402, 0.45962443600776876, 0.873729571277733, 0.8641260459009701, 0.9276723609645867, 0.9095578960788839, 0.7669346785167981, 0.8770497870422123, 0.9468967580282532, 0.8609310056059384, 0.9468852304969313, 0.8373533582182832, 0.9428598734081959, 0.9180216563175542, 0.6683081369890934, 0.8129143741403871, 0.946172267777143]
[0.9636102388063946, 0.9633036270106423, 0.9628091699604889, 0.8038579952509737, 0.9629777796165029, 0.9393945796581396, 0.9280252714522259, 0.6629942868649372, 0.8800386603114175, 0.8882092667804417, 0.9339744675363174, 0.7366225288790321, 0.7174758683582586, 0.9392747959175928, 0.9134010656473638, 0.9166913667780984, 0.6663561835243055, 0.8260902872361321, 0.9315685274332138, 0.9150170919777554, 0.8873973794573226, 0.9289712464950268, 0.954596989461761, 0.9136946724149825, 0.9352980519023426, 0.892425302186343, 0.8150628901994078, 0.8622836741720324, 0.9477177468358621, 0.8447530151473012]
[0.9636102388063946, 0.9633036270106423, 0.9629777796165029, 0.9275053873207286, 0.8786989733080917, 0.9114620341633366, 0.859995208753737, 0.9136129997198277, 0.9482543048793521, 0.9366255824541267, 0.9576871533080775, 0.8707862050218167, 0.8878063953184444, 0.9338866689636376, 0.9096886015617321, 0.8853093749314624, 0.8687813489775735, 0.5873888124043708, 0.8951179442794792, 0.8096419844281303, 0.8671962441944142, 0.9460514638795807, 0.8562480088658463, 0.7596911848739297, 0.9313268268972097, 0.727622375951169, 0.9104665959610396, 0.8286624464006755, 0.5116415804397901, 0.7946991540844013]
[0.9636102388063946, 0.9633036270106423, 0.9629777796165029, 0.9203511441159398, 0.9013281787419333, 0.9532651537864163, 0.8659310851639965, 0.8614000160074301, 0.9207330447054668, 0.852691840696595, 0.9459768017317137, 0.7888685279298899, 0.8980739457115292, 0.9319843368184928, 0.9363696199244921, 0.8837661156645289, 0.9463846568201889, 0.8996336278737089, 0.9546349811279101, 0.8868199619865378, 0.9542440442792018, 0.8463369127703291, 0.9039074190477625, 0.8612029405945244, 0.78513344959861, 0.7383298047516305, 0.7437055254752967, 0.9513430342657357, 0.9265673667569183, 0.7858350797190848]
[0.9636102388063946, 0.9633036270106423, 0.9629777796165029, 0.6431204826238004, 0.951885460295389, 0.9162101990548904, 0.9297990259909605, 0.9306925939579082, 0.9439373570132504, 0.7697508909155678, 0.8600312234598209, 0.9331788273941171, 0.9435932635010785, 0.5422617933733725, 0.9485110453100075, 0.9088452359296231, 0.9336515427850428, 0.9038711352265207, 0.9490319656149534, 0.94489248321142, 0.825207706399209, 0.8780535531001267, 0.7795840650127392, 0.879813563473238, 0.895919672268151, 0.9470368932280951, 0.9120383787149728, 0.7353221031135768, 0.9347139809471536, 0.9175266323939887]
[0.9636102388063946, 0.9633036270106423, 0.9629777796165029, 0.9576216854981712, 0.8450447778945667, 0.9404862801835188, 0.795414676161678, 0.6054428116567432, 0.7774889869725726, 0.6840988847693512, 0.9422681947690448, 0.8592281493052506, 0.9467918266005984, 0.9559994948309275, 0.9427023088580888, 0.9491289330693629, 0.9274290544035225, 0.8780173617958675, 0.7928569849222881, 0.8573823334101183, 0.9283558014255724, 0.8805753107159906, 0.9393739801246661, 0.8447589496128338, 0.925109095928388, 0.843918727857055, 0.9317643201245829, 0.6856410893708246, 0.8529179560604213, 0.8943815427235987]
[0.9636102388063946, 0.9633036270106423, 0.9629777796165029, 0.8641930085317906, 0.958155125390913, 0.8755983963974108, 0.9429870827287671, 0.9351410389409719, 0.9586881633916717, 0.8888431446899816, 0.9445823739633717, 0.9085168839525619, 0.9492824783495543, 0.959469493695831, 0.8761431398665762, 0.9305558772952499, 0.9172470279358325, 0.9473995773996815, 0.9138577457289875, 0.936852197156912, 0.8690143503128804, 0.9360943079713459, 0.9299030440196568, 0.9533523288265981, 0.49698676229834354, 0.9516347971566831, 0.8644545243257045, 0.9608537790955564, 0.9534293237321098, 0.9025713121928468]
[0.9636102388063946, 0.9633036270106423, 0.9629777796165029, 0.858868829337614, 0.8028128571337849, 0.8349592336348616, 0.6745230823571147, 0.9270195571501042, 0.8626968867254581, 0.9492566882364766, 0.9394694800058938, 0.9526925469295519, 0.9105437514724438, 0.9209982478525344, 0.9180928053260644, 0.9488376384358224, 0.948258487054203, 0.8706683962357715, 0.937211831850849, 0.9453795114875863, 0.9292453194409982, 0.8532594869897673, 0.9268125175412963, 0.9383892467538626, 0.918196813820876, 0.8864546252035541, 0.9592735623673145, 0.9611888519190415, 0.9341905288421265, 0.90040950260309]
[0.9636102388063946, 0.9633036270106423, 0.9629777796165029, 0.9350499405652845, 0.7107454081458198, 0.9220275165705053, 0.6771752994466981, 0.7794090321480693, 0.9192156502697225, 0.8652782460108702, 0.799414160345221, 0.9059490971908499, 0.9480706392478183, 0.9378238445761868, 0.8504218961097474, 0.755468499828869, 0.9511880626610983, 0.9317695046554404, 0.9569761792349719, 0.9536762418199185, 0.9454534255866228, 0.8045379024259237, 0.9317185923566699, 0.8958160878418265, 0.7026091454225587, 0.516489094990254, 0.8506995054675912, 0.95327309391303, 0.8546091272590894, 0.9486670512779]
[0.9636102388063946, 0.9633036270106423, 0.9629777796165029, 0.903201610952835, 0.9333343918387581, 0.906114293943545, 0.9080862932385088, 0.9570698958388254, 0.7970289536125947, 0.9271291948429264, 0.9568669994994101, 0.9152273586923629, 0.9564228881485277, 0.952679929991767, 0.9067959731581716, 0.7362682307969209, 0.954496425110251, 0.9362601248971761, 0.8903950438151826, 0.751800634313434, 0.9393092974789671, 0.9047112505630874, 0.8959392210978531, 0.9196266375891881, 0.922145047719441, 0.9379159480686384, 0.8550027535779702, 0.9208968510536656, 0.9478670706660345, 0.9457603874859885]
[0.9636102388063946, 0.9633036270106423, 0.9629777796165029, 0.947650330220034, 0.9465072545715831, 0.8710697954332303, 0.9490527140546405, 0.8736859423193423, 0.8755001558001223, 0.8853159374707407, 0.8915177917202428, 0.9385290651719483, 0.9259110975532375, 0.9407812429852198, 0.7766046579336103, 0.8816196428811865, 0.9441901579625513, 0.9481731617472405, 0.7940708039455735, 0.8852335607903765, 0.8488109925500674, 0.9038022508238406, 0.6996716206462555, 0.9427775280552754, 0.8675134332133823, 0.7239013118535611, 0.9192265312313243, 0.8699498012390141, 0.949706206192144, 0.8836221161145974]
[0.9636102388063946, 0.9633036270106423, 0.9629777796165029, 0.9054144641617442, 0.9472816259769405, 0.9439073050511833, 0.9397270779400169, 0.9436480242596373, 0.872748754180602, 0.9233532726317303, 0.9143433534728032, 0.860334464092604, 0.9207104448515212, 0.8901365063296032, 0.954704122575438, 0.9577926192279643, 0.9154697856078365, 0.8765557288257486, 0.8023332094960667, 0.953378823956398, 0.8169171744115962, 0.9480085419566918, 0.7738436485805843, 0.8891991541681427, 0.6724972004017292, 0.9148957680139578, 0.5253348258035762, 0.7740176399493575, 0.8545687827063708, 0.6404045755631516]
[0.9636102388063946, 0.9633036270106423, 0.9629777796165029, 0.8634508592353274, 0.911733292828948, 0.794109127287007, 0.9194173292533458, 0.9396113595629252, 0.9151474874850146, 0.9496936471016011, 0.942333566932766, 0.9452128153644251, 0.7077587076212415, 0.920116610305458, 0.925085805736812, 0.9491476050596526, 0.9392380895739132, 0.9453176517373751, 0.9003023574210943, 0.9173540477282224, 0.9509916655029057, 0.9013512429249775, 0.9013993258357791, 0.9179672374819781, 0.8614130220676103, 0.9347202839384925, 0.9372635623771595, 0.9490613418768533, 0.9335222413681578, 0.8157173625083808]
[0.9636102388063946, 0.9633036270106423, 0.9629777796165029, 0.7556067011358648, 0.9478868499387976, 0.8955027147263213, 0.8880901172382386, 0.9560117175141084, 0.9237140527328129, 0.8657669468666805, 0.9064498893735591, 0.9344204010527425, 0.9401346496608189, 0.9500228585601502, 0.9234261556878103, 0.9543261881231747, 0.9377838678031345, 0.8242836636966675, 0.8687642684438344, 0.925507539020089, 0.8648845672446769, 0.9462433798840311, 0.9119567558441048, 0.8647015025058552, 0.9495709932204259, 0.9322077598502286, 0.9150516064703293, 0.8778541364100596, 0.9565380241214503, 0.9560904728917166]
[0.9636102388063946, 0.9633036270106423, 0.9629777796165029, 0.7611361155295079, 0.7034388752507531, 0.8347227730075405, 0.9472383547715812, 0.9248814260039528, 0.9293849020727886, 0.8597383678964007, 0.9517931889447796, 0.7927983700317853, 0.8183256083311514, 0.9383095340151552, 0.9370186777872581, 0.9045625073889604, 0.7711547800492412, 0.7242644739518321, 0.9511322360900013, 0.7144503371939109, 0.9259778677187871, 0.9535692662901218, 0.8814827521050653, 0.9402184337076005, 0.8978572752746857, 0.9304469907640383, 0.871439593965929, 0.7933168568366653, 0.8562613197395961, 0.6537248380993927]
[0.9636102388063946, 0.9633036270106423, 0.9629777796165029, 0.847308258020614, 0.7800766634514108, 0.9153233776106611, 0.7652508665092385, 0.9341840144068404, 0.9134318218503182, 0.881495233674167, 0.9361273995679875, 0.8607807261335993, 0.8664837483087943, 0.9062227185287978, 0.8114840518423881, 0.894942868537848, 0.9524720867194773, 0.877421326856784, 0.9376289679960491, 0.9129338276227154, 0.9177649064532589, 0.8991525521744245, 0.9270733751251347, 0.9385167129535418, 0.7626504810314841, 0.8096755578560192, 0.9298676692700782, 0.8966845961940024, 0.9329806713186299, 0.9526434494830921]
[0.9636102388063946, 0.9633036270106423, 0.9629777796165029, 0.9255731277414704, 0.8922750032733378, 0.8464936845155632, 0.9081285427144168, 0.9486030388466417, 0.8198635570039299, 0.8354428148647473, 0.9230736339039466, 0.9411738499204355, 0.9010155135615747, 0.87090373174179, 0.9148332130326232, 0.8429448909806976, 0.8396663055332716, 0.9498578452468436, 0.9143356145536033, 0.8412860833175076, 0.9204682682490004, 0.9373352175066901, 0.9014661656371041, 0.890750461125355, 0.932119148376322, 0.8162095422965465, 0.953983514133718, 0.8121002566431381, 0.7258390946301754, 0.9226217617289342]
[0.9636102388063946, 0.9633036270106423, 0.9629777796165029, 0.9096863089945044, 0.852931450522617, 0.9225629249498323, 0.9439378206858894, 0.9310953931262426, 0.8901839355196501, 0.8938311588185424, 0.91583762773459, 0.9417307098651473, 0.8973270120757615, 0.9038925302065903, 0.8314168123002632, 0.9418945817648893, 0.8657992706554164, 0.9529890251358761, 0.8338002013399507, 0.7532984239747085, 0.936234844032091, 0.9533665592809264, 0.9173150361066496, 0.7567296290041179, 0.6355572205378635, 0.8768093276582081, 0.9336889677106801, 0.885834778269875, 0.9496588215869892, 0.8984545003089218]
[0.9636102388063946, 0.9633036270106423, 0.9629777796165029, 0.911865252668795, 0.5889413831349244, 0.9505840564568124, 0.8137885622967547, 0.8181403155441184, 0.9310452923670341, 0.9093411430485486, 0.9500879743786419, 0.8374495408453647, 0.908909465028003, 0.7826843949198827, 0.8869727191904228, 0.9219605217358738, 0.9189528549303542, 0.9329456739764891, 0.8922524482682478, 0.7267704485725379, 0.8767278888889735, 0.7148986055148516, 0.9427221375623721, 0.9332914124907691, 0.8868140688013909, 0.7662957452869423, 0.9299581484997934, 0.9475631772951213, 0.9204988705776943, 0.9427475481014469]
[0.9636102388063946, 0.9633036270106423, 0.9629777796165029, 0.9392328712145972, 0.9440702554963414, 0.917083566929467, 0.917317222937099, 0.9425774665105142, 0.9158227443185395, 0.709680792675687, 0.8719595697259517, 0.9403373626758459, 0.837004169440793, 0.9263024444771499, 0.9221744233948156, 0.887866971367057, 0.938877014083617, 0.9522075497910436, 0.9377214104183778, 0.9422342710529794, 0.5909796907520889, 0.9026406999238009, 0.8961459487804745, 0.9144759623465074, 0.7808333538942969, 0.8894247373368835, 0.9459771197838415, 0.6625103897966746, 0.7522414038411457, 0.9107611496073349]
[0.9636102388063946, 0.9633036270106423, 0.9629777796165029, 0.7778599989013234, 0.9352039097968509, 0.8942170902744239, 0.9439434493421528, 0.8815232438103382, 0.7789817740086398, 0.9270700355598962, 0.9481934201065141, 0.7263701889876132, 0.9358013731395448, 0.8814841406989056, 0.9195450725578417, 0.8681580056206656, 0.9320847935805552, 0.9267221978036011, 0.8947742392219734, 0.8685897642021245, 0.917969499393123, 0.9594298640289589, 0.9164290108657109, 0.9435217796914502, 0.9448316156595176, 0.9499400541318912, 0.8873807262348019, 0.8748192350968251, 0.932268498407063, 0.7654358107147617]
[0.9636102388063946, 0.9633036270106423, 0.9629777796165029, 0.9564242196013274, 0.8105441620550553, 0.9562401802688266, 0.9363452254556405, 0.9402325283805846, 0.6464233738890525, 0.946626246540277, 0.9544978957719589, 0.907027581950749, 0.9488963719845535, 0.9398368934113495, 0.8424503229239068, 0.906920772760513, 0.8636972249004219, 0.724614753831666, 0.9291095787264935, 0.6302785241666476, 0.8073341216782915, 0.9528466976161306, 0.9007820789528952, 0.9294851473562832, 0.9404111345000411, 0.9083811134810894, 0.9371324661805771, 0.9369252245249382, 0.9019078925450813, 0.8639096433882357]
[0.9636102388063946, 0.9633036270106423, 0.9629777796165029, 0.909551376604495, 0.957649673450447, 0.942193153306782, 0.9391948568188234, 0.7529315542583882, 0.9458088623222897, 0.94981641516881, 0.945638591070538, 0.9222786396439441, 0.7956251243842536, 0.7407566907798907, 0.8611037794202816, 0.944278398663104, 0.9361588086757764, 0.9338354470554282, 0.8962074651158429, 0.9513170009840073, 0.9166712120043234, 0.7894068030630437, 0.9078168866373272, 0.9074910443706514, 0.9327553214947574, 0.9006238106151762, 0.8882028058032955, 0.9438748438684893, 0.9384697016162901, 0.7544229636683437]
[0.9636102388063946, 0.9633036270106423, 0.9629777796165029, 0.9178843970559667, 0.8392691578906358, 0.9382260171751241, 0.9256832496661969, 0.8938134767251376, 0.6760661648753792, 0.7720124867628898, 0.9294417312706098, 0.917509393917914, 0.9630841953134537, 0.960442062172486, 0.9414162811310451, 0.6625738120193271, 0.5952272896521332, 0.5989205147248969, 0.958855473614868, 0.9483895704486596, 0.8555781080016416, 0.7799800822133657, 0.9630114293006923, 0.957432713333599, 0.8231835113094421, 0.9479953725752452, 0.9334762266889299, 0.882141350922062, 0.6228065860647082, 0.9366737845002586]
[0.9636102388063946, 0.9633036270106423, 0.9630841953134537, 0.7086185808197938, 0.8608687660744939, 0.8887439179585549, 0.930147585856899, 0.9347780828367283, 0.9426208045957054, 0.6958352998634296, 0.7654929843423588, 0.8518106130600863, 0.9441815948648884, 0.9051963535636085, 0.9395252077013693, 0.9410521227405297, 0.914269417813266, 0.769214816676868, 0.9373754022463827, 0.9554294345734226, 0.9488471501954977, 0.9274575420084747, 0.933465955973813, 0.8951337939764366, 0.9470343881212817, 0.9564613047876067, 0.8839480756136061, 0.9449472063419472, 0.9095242918929476, 0.9051711490624629]
[0.9636102388063946, 0.9633036270106423, 0.9630841953134537, 0.9188849425001463, 0.8680287543802763, 0.8858979027863786, 0.9323600513594085, 0.9086908824872114, 0.9024968526326841, 0.9240918783419723, 0.9392178066385589, 0.8498426959463219, 0.8528412346051221, 0.7535407909820729, 0.9098211120022978, 0.9277198459979117, 0.9536941832486512, 0.9286696464244888, 0.9381023535353739, 0.7592739056849099, 0.8789162507624112, 0.8818624496146114, 0.8483652820658177, 0.9314090216805493, 0.9438361935767442, 0.8236449879025798, 0.9285998015896216, 0.7113575212039075, 0.8946207534371645, 0.9530429066477283]
[0.9636102388063946, 0.9633036270106423, 0.9630841953134537, 0.9325596093025157, 0.9457887900739184, 0.9477257654705565, 0.8715813174432832, 0.9151801552999563, 0.8578294467178813, 0.8646144344990702, 0.9439014463637273, 0.59361034056824, 0.9423610770417193, 0.9262222878757849, 0.8964188240135399, 0.9077688034404079, 0.9049701245294335, 0.9361286273967657, 0.9310875058794026, 0.9238854433375461, 0.8200109277324042, 0.9482832800523177, 0.9399564824809318, 0.9290855874117849, 0.9205710492443007, 0.8670049516422758, 0.9109946883211562, 0.8979465161940696, 0.7943851717268274, 0.8901231546239581]
[0.9636102388063946, 0.9633036270106423, 0.9630841953134537, 0.943084081722859, 0.9373078854956728, 0.8688647884796837, 0.9209357434330956, 0.9086942059436477, 0.9282201233173316, 0.9205201881416926, 0.8937394084753105, 0.935565468432216, 0.8956735611603248, 0.8985082712865874, 0.8908963858198954, 0.8447569093575636, 0.8312627456423154, 0.9333369514992116, 0.8668174333339977, 0.931501454398405, 0.8200617080736947, 0.8016806552387672, 0.8710668608551848, 0.8930318335472399, 0.8763695797808765, 0.9474438783377477, 0.8259244494369826, 0.8783428333486736, 0.8809698930829317, 0.9302835912191874]
[0.9636102388063946, 0.9633036270106423, 0.9630841953134537, 0.929300619748399, 0.5751696191669228, 0.8207629115250592, 0.8618227405279726, 0.9508506491023498, 0.9474061900884716, 0.8784939745192744, 0.9059225882974831, 0.9588925973122852, 0.9207661132030334, 0.9066099631267135, 0.9200228684105661, 0.9015901710381288, 0.9135933293287651, 0.9327009273385665, 0.9514055864837162, 0.8042468772933657, 0.7902823064989165, 0.9392147859238774, 0.9186829158144753, 0.7440712711542026, 0.9464598079208326, 0.9404718525980964, 0.9558901040995453, 0.8658524114649647, 0.8666454816626418, 0.9523531992724139]
[0.9636102388063946, 0.9633036270106423, 0.9630841953134537, 0.9072451392559111, 0.8732054624924278, 0.9354922353472924, 0.6522263594031158, 0.9606394091638008, 0.8714845713453478, 0.6634528694889751, 0.9318467081708687, 0.7272954054081047, 0.8675578513706395, 0.9095687181696377, 0.9473895344855906, 0.9093806105700666, 0.9378886616389014, 0.9548715650645815, 0.829736097916161, 0.9517846012819676, 0.9510275464145496, 0.726432873571873, 0.9416638678442825, 0.7972377117906478, 0.9118425026257306, 0.8955186864783327, 0.9441828922892168, 0.8850128716067888, 0.6961941633544383, 0.9429191252197755]
[0.9636102388063946, 0.9633036270106423, 0.9630841953134537, 0.8730827728614482, 0.9319643586159089, 0.9525013967920115, 0.9362590899892771, 0.738264591500633, 0.9452457901913509, 0.8213564138960213, 0.9039264911066179, 0.8212618017371407, 0.9434402944512944, 0.8600474214371275, 0.9514648767717161, 0.8812139547915308, 0.9020981001913408, 0.7385931773058729, 0.9496985478891506, 0.8739241362142851, 0.9508790414204804, 0.9222143745928819, 0.6023995813338155, 0.9545128899283998, 0.837283879258208, 0.8983264142461401, 0.8937339633414652, 0.7949650220816068, 0.9567288458660015, 0.7472860693719922]
[0.9636102388063946, 0.9633036270106423, 0.9630841953134537, 0.8647549388926424, 0.9529660812012911, 0.808960498735607, 0.9455178718013743, 0.9537079729715536, 0.5821219105856519, 0.7519185467296493, 0.9311772530814447, 0.7227231808615178, 0.8863834622147724, 0.9547278298207911, 0.9245207697325444, 0.9179313515754449, 0.8833581143223607, 0.8442044682962658, 0.8615999044279591, 0.9191922316107456, 0.9635211488608082, 0.9099259741606951, 0.9536659805758733, 0.9560140963941095, 0.9165645821059932, 0.9455855140674999, 0.9238472446512647, 0.9548254337395788, 0.8879932144973289, 0.905440770652234]
[0.9636102388063946, 0.9635211488608082, 0.9633036270106423, 0.9336720623679624, 0.6565468793200484, 0.9151380966754507, 0.9367336215983743, 0.9456656533898826, 0.8941712277044841, 0.9259329538209137, 0.9346114519872255, 0.9171050330745877, 0.943746020260546, 0.9633172475292486, 0.8169226640398056, 0.9358443369326062, 0.8375291801032549, 0.9577196842254748, 0.8645650689829245, 0.872971455962467, 0.9148797964596699, 0.9143584508364758, 0.9440434961303031, 0.9220520095431383, 0.9410903374978279, 0.9353102731128053, 0.9334346252037593, 0.8945559631184166, 0.9495784547338243, 0.9017916661391243]
[0.9636102388063946, 0.9635211488608082, 0.9633172475292486, 0.9536605126688903, 0.8096056354792069, 0.8405949555506282, 0.9234524853885981, 0.9057381855605502, 0.6194218123280313, 0.9255118560508127, 0.8356330902535477, 0.8450682881378152, 0.9523847898884062, 0.9221573580124577, 0.7633721172085578, 0.9388020716474621, 0.8065587530670221, 0.8066948313924013, 0.6326583011714436, 0.9183972853658918, 0.9406718977704577, 0.8871625315961189, 0.9371790264941369, 0.7504808799593726, 0.5046632967954947, 0.7059545066949892, 0.9634785165128325, 0.8730788303972317, 0.8790571515815653, 0.9375261455185736]
[0.9636102388063946, 0.9635211488608082, 0.9634785165128325, 0.9155640475700609, 0.6665682570803612, 0.8760064904075175, 0.9462076552980314, 0.808665569155748, 0.7499916778253171, 0.9296872432098581, 0.9537165768788912, 0.7182993954768457, 0.794334337725755, 0.8810911289749923, 0.9349132084161588, 0.9345450764382179, 0.9510514461402791, 0.8592589122987688, 0.8216703590616248, 0.8502196595282362, 0.9154874600356515, 0.9386162820341035, 0.9456418637919628, 0.6318899096706952, 0.893113083737836, 0.871800007526171, 0.5851332033312792, 0.9590109767062015, 0.9353323823959216, 0.9451559091818691]
[0.9636102388063946, 0.9635211488608082, 0.9634785165128325, 0.9560237469144292, 0.9217678059865339, 0.666141411045574, 0.8906127794686636, 0.9466631967299076, 0.9537564852694137, 0.8171007051317513, 0.8824066207100835, 0.9513231886657736, 0.7818638359658229, 0.9555472314156931, 0.7882654051054333, 0.9239938985290786, 0.6949380331948745, 0.9448680214268361, 0.9001636291678556, 0.935254527040485, 0.7712942540832056, 0.9314233948281949, 0.949763926814608, 0.8108301406013702, 0.8901151892296894, 0.9497119398348024, 0.9112307547001266, 0.9545627100568048, 0.9525545243779243, 0.9293216548533232]
[0.9636102388063946, 0.9635211488608082, 0.9634785165128325, 0.9492667700272522, 0.9455795709013819, 0.9374209200247812, 0.8658795515634644, 0.92523427749763, 0.9516460724245723, 0.9528385677382437, 0.9190563113052518, 0.7771592384573509, 0.921051535465146, 0.9559830733894567, 0.8867950269822863, 0.8931704215478485, 0.9298094554879806, 0.9432566820084003, 0.8940730617307786, 0.9179431154276938, 0.836357513492205, 0.8674938242485566, 0.850971254468607, 0.9565102537771357, 0.9521228734169122, 0.9056444532328972, 0.752322764484562, 0.9141796251889223, 0.881521234562634, 0.9329295502591625]
[0.9636102388063946, 0.9635211488608082, 0.9634785165128325, 0.7978346058529252, 0.9288800832603656, 0.9402912353242364, 0.9348655028838104, 0.8573160478800312, 0.8032207149318777, 0.8359017552453308, 0.8970111460825492, 0.9580658864633042, 0.9372470893364784, 0.9124741358185346, 0.852784520858495, 0.9498095675524523, 0.9088468983989018, 0.6815435241466891, 0.9298165629510514, 0.947572296892644, 0.9442157727082592, 0.923374067121807, 0.9475577609091053, 0.9200028838346195, 0.9233687560644588, 0.7682038203037551, 0.8628625400557189, 0.5319920383540994, 0.9420775317340881, 0.9278723812369143]
[0.9636102388063946, 0.9635211488608082, 0.9634785165128325, 0.9409990668725917, 0.9389802331635295, 0.8481275327830077, 0.8925635573106443, 0.8465333651167587, 0.9186302565639113, 0.9379835081719996, 0.9435804332857685, 0.7117647065414395, 0.8580403473523076, 0.9396113379623446, 0.9221506896950373, 0.701096236117061, 0.8934101307868695, 0.7885368074659442, 0.946097319702146, 0.902423957650292, 0.9156764295603806, 0.7827312711130736, 0.7032175298401405, 0.8819261091469693, 0.8747937981594733, 0.9157851112149586, 0.6065264226922981, 0.8627896411185356, 0.9552073162393471, 0.9471612968700515]
[0.9636102388063946, 0.9635211488608082, 0.9634785165128325, 0.8978194141552448, 0.9439084550675247, 0.942324801556126, 0.9475047371645893, 0.9532220522740673, 0.5605160155242388, 0.9319389441396724, 0.9526946684420531, 0.8098303170368676, 0.8298217374164256, 0.8840662142640752, 0.7086289366581263, 0.918850176668626, 0.9090303245035196, 0.9108654998713881, 0.6186738035390038, 0.9261199401618077, 0.8691331556138083, 0.9322342518042007, 0.9086788706581708, 0.7395383269385545, 0.9174327865528327, 0.9270749272056449, 0.8998042337918811, 0.9007851253604079, 0.9245373655065978, 0.9530107854015681]
[0.9636102388063946, 0.9635211488608082, 0.9634785165128325, 0.8692256726776348, 0.40524858373699285, 0.9262883092628748, 0.9476107115659144, 0.8788676935382072, 0.9434360570997948, 0.9479801266368771, 0.7633674075272578, 0.7079864494396237, 0.8067261730029787, 0.9043804360247277, 0.9407505535542883, 0.9393170798901519, 0.9537291547112888, 0.9353038448504538, 0.9429367396703832, 0.9397439391437119, 0.8935126546145981, 0.8333359689073457, 0.9351544863822225, 0.9277070488886449, 0.7757550785982528, 0.9406899197089864, 0.9071211620315378, 0.9430740445091244, 0.8738393241582796, 0.8608133105216814]
[0.9636102388063946, 0.9635211488608082, 0.9634785165128325, 0.8713634423028273, 0.898138720984512, 0.9448079967947046, 0.9308614639830464, 0.8022552946926667, 0.9444221896364868, 0.9338170859324814, 0.9139967982162484, 0.9380128227256503, 0.8667789772371375, 0.9101744109433654, 0.8931177050330869, 0.9403877088038748, 0.8151559208604168, 0.8003192631855403, 0.9085968052998599, 0.9330272492703695, 0.8918842572672547, 0.9500078778578618, 0.9559843230477643, 0.47955275681103166, 0.9539774540743424, 0.8504307142800793, 0.9410095095976506, 0.9098261886791672, 0.9279573366016981, 0.9277594963899786]
[0.9636102388063946, 0.9635211488608082, 0.9634785165128325, 0.9096450727782674, 0.9308460216545242, 0.9419279828341743, 0.6467127301102485, 0.7939010554361329, 0.7568650111747094, 0.7900189129650463, 0.9463347334886396, 0.945553209754116, 0.9329911964698638, 0.9205680697784923, 0.7172825284366163, 0.6839240498304903, 0.9305426079443117, 0.9363121025657092, 0.9315905439508605, 0.8450019876048347, 0.9502902487459467, 0.9448864964579456, 0.9291148705983947, 0.9286780945754882, 0.8968270233653841, 0.9166029856671543, 0.9346681446182153, 0.9536653377795927, 0.7218792669852399, 0.9309971408626736]
[0.9636102388063946, 0.9635211488608082, 0.9634785165128325, 0.9543263873199221, 0.9456235750685081, 0.3970490528803966, 0.9247319492112006, 0.8917890850068262, 0.4122402179331623, 0.9290958142242391, 0.8718803964589457, 0.9449586509922545, 0.7730503276109434, 0.9420719533737018, 0.9345279734153031, 0.8937402162233679, 0.7236356049432471, 0.8748657402713824, 0.9020460312172445, 0.9435116219089046, 0.9257933842192966, 0.6504566476820308, 0.9402286559632, 0.9201799885000231, 0.8911046457383797, 0.8574738673493326, 0.945907377305993, 0.9135946627802318, 0.9467970179791745, 0.9259373607359982]
[0.9636102388063946, 0.9635211488608082, 0.9634785165128325, 0.8717035324337287, 0.7911133193197682, 0.9073323574206554, 0.9527914504484596, 0.9368629891668282, 0.9411282080317249, 0.7009994040701095, 0.7642719727715278, 0.9342291805588101, 0.6957271404258806, 0.9370525419832131, 0.8696939475874754, 0.8626114631080084, 0.9258795651113664, 0.9554983980448274, 0.7845285114311816, 0.5136846133051378, 0.9480499585111108, 0.8114893645944319, 0.7980586002942001, 0.9185173430189405, 0.945999071379204, 0.8101995976906953, 0.9422437843728123, 0.914569768281252, 0.936709853983929, -0.20769877520664573]
