[0.44176187784929105, 0.556013727414066, 0.6540463753439261, 0.6477807261632048, 0.6565590053784044, 0.4648984351404114, 0.2783762274850635, 0.6766256236047392, 0.6160775507227331, 0.6871728284415881, 0.34319000373431047, 0.6970519625732614, 0.6956932312291948, 0.6461953889584787, 0.5158486870682991, 0.757350041476387, 0.6023598534229988, 0.5308914018728019, 0.4806810357420321, 0.03013310650545878, 0.4283059222000017, 0.16569437733148143, 0.7009402235731858, 0.5574915073882318, -0.13757032647215664, 0.2572594698903258, 0.18731570960545746, 0.6999530303862254, 0.3273310001322801, 0.04938421533828882]
[0.757350041476387, 0.7009402235731858, 0.6999530303862254, 0.5563033653108067, 0.26960907122034594, 0.5374420704833537, 0.6408394055990937, 0.7744680633347731, 0.6855166878792749, 0.7668631713616245, 0.7077132069993166, 0.7082215383307248, 0.6934304218306896, 0.532471027100081, 0.7039254120425394, 0.5150960631285955, 0.5033469052897126, 0.6421589132967173, 0.6548244785009921, 0.8761224214703627, 0.7859567951675668, 0.46533647374883114, 0.6747443638409153, 0.46025874144936857, 0.454226006666369, 0.6585051517922372, 0.26304552696123057, 0.4553462973741829, 0.7194779915859497, -0.0722113900348698]
[0.8761224214703627, 0.7859567951675668, 0.7744680633347731, 0.6720086265371908, 0.6490538681086896, 0.6374445008659982, 0.5371963256683928, 0.3496764610125028, 0.7138261687950572, 0.6406472241314966, 0.5872584645955424, 0.6572386224246627, 0.4955357536085123, 0.2882709028983743, 0.6789634683170329, 0.48621822475987003, 0.6507642787619485, 0.6591626977050054, 0.7467284994926332, 0.6830697737731746, 0.572194170253319, 0.5875588989971108, 0.6184511225376058, 0.7191121061032002, 0.5099358487855756, 0.6932998013791871, 0.7061282240135658, 0.364804233582436, 0.63195921991886, 0.6799116073012459]
[0.8761224214703627, 0.7859567951675668, 0.7744680633347731, 0.6690472473987948, 0.6555718080028669, 0.6174198072656573, 0.7215069792807688, 0.7300343870257977, 0.7133547196333048, 0.6997953674939443, 0.6272884197044367, 0.6968068041728527, 0.6330165241698827, 0.5649259345410891, 0.6781863360690903, 0.6649920509962369, 0.6614790272165636, 0.6819148100218916, 0.7005766071013614, 0.7623517967816852, 0.6327117677535664, 0.7636212842499902, 0.6947357439523377, 0.6671361419221793, 0.5903344455197111, 0.6955364370937974, 0.667079790989262, 0.6551625788454241, 0.7233830707901644, 0.6707111282011506]
[0.8761224214703627, 0.7859567951675668, 0.7744680633347731, 0.6466185800756438, 0.8836329685305784, 0.6013242238569232, 0.8359951763510195, 0.622840816572986, 0.4826141423343092, 0.7878077085842115, 0.6025326097378295, 0.5375796176115724, 0.6470372755572342, 0.7644189750301305, 0.6402125588922232, 0.6715680869323541, 0.7614098140719503, 0.6019388669366718, 0.7099974612474336, 0.7054173986337142, 0.6933972135743427, 0.5581804015253716, 0.8266346679503489, 0.6207606438435209, 0.6572226402486254, 0.6817193202072189, 0.6569766259883366, 0.6333010462900155, -0.10449337152854726, 0.639263026091931]
[0.8836329685305784, 0.8761224214703627, 0.8359951763510195, 0.7111756503734592, 0.48763117330660233, 0.6382661857162534, 0.6889281823527665, 0.8098865025062488, 0.6504180354445911, 0.7975445259854516, 0.86364190504469, 0.7568335876443546, 0.6405633445883838, 0.49179770662228106, 0.6616645211731715, 0.9361186582266331, 0.4759850465064049, 0.8253295514595933, 0.583577427560655, 0.8373966359501924, 0.4528937586682961, 0.566612633349052, 0.6948006623984888, 0.631602189362838, 0.6436684530965181, 0.6576278216044634, 0.6945921534322029, 0.8856381956324704, 0.5667160299851053, 0.7528862043559396]
[0.9361186582266331, 0.8856381956324704, 0.8836329685305784, 0.8504586826950623, 0.5573536577192854, 0.9054723618474771, 0.7138934029660691, 0.8863032131294706, 0.5135725505560113, 0.878357421891833, 0.7157804773194304, 0.6572054256498188, 0.6509335900180941, 0.7995712118901838, 0.8815884011895629, 0.6306145094689227, 0.6416945616838747, 0.6135389717299831, 0.7277207891421008, 0.7913287948682683, 0.35279356503425696, 0.8371865564870256, 0.8742403241929704, 0.7947396154844009, 0.8307052953724443, 0.8729619567484426, 0.5388500144809627, 0.9240941226196349, 0.7946966271570455, 0.8628611305298665]
[0.9361186582266331, 0.9240941226196349, 0.9054723618474771, 0.9115676469642072, 0.9342424964005629, 0.734444992999284, 0.9068591138995628, 0.9188822263184546, 0.8421804709117663, 0.9196973234106514, 0.8780688701878571, 0.7031401436256476, 0.7333883794721054, 0.8587890731425105, 0.6571492247328653, 0.9249556176671136, 0.7139736505605868, 0.9230990798672415, 0.9258627116234226, 0.8633655327779319, 0.7641752209429016, 0.4544453447238737, 0.88541508740551, 0.5837610513803534, 0.7754494983977038, 0.8816541433357223, 0.910096296257244, 0.8501228786248154, 0.8584062807335353, 0.9217782971202755]
[0.9361186582266331, 0.9342424964005629, 0.9258627116234226, 0.8028787937964303, 0.863081106640787, 0.9060176959405131, 0.928996065987535, 0.7884663154997977, 0.8242745942113507, 0.7675514432656317, 0.8146757654859015, 0.9391536482936096, 0.8901401946641591, 0.877175915074962, 0.8286159867436804, 0.8951423161944254, 0.936751846183879, 0.875024473200941, 0.9159012348238518, 0.9324709701052345, 0.915247669900373, 0.9140727175365542, 0.7556909492092083, 0.8750925813971705, 0.8851161648779861, 0.7528238153733949, 0.8988793441604159, 0.9113395348294202, 0.7513709785198387, 0.8556841318223948]
[0.9391536482936096, 0.936751846183879, 0.9361186582266331, 0.9295803512018103, 0.8665345886907273, 0.9412315676907653, 0.8964800721453986, 0.9189708264416588, 0.8397982595011316, 0.8276321129893242, 0.8250689300614862, 0.9271762719180123, 0.8730296379739841, 0.7453575444611938, 0.9168131000358006, 0.9204470931659515, 0.7211020480356751, 0.9313523171700925, 0.7651719695466085, 0.9413599063672868, 0.8977526808332665, 0.9304059610955965, 0.8717021402544589, 0.9346368853858614, 0.870247053536131, 0.7923477475151983, 0.8823033905177821, 0.9133306703012318, 0.9366557371269174, 0.9358654799866984]
[0.9413599063672868, 0.9412315676907653, 0.9391536482936096, 0.8134907123830484, 0.8388321161229629, 0.9105196632031665, 0.9278117567876155, 0.8479744550818562, 0.8889740233021051, 0.9381409314981033, 0.8748005354037776, 0.8829119811768477, 0.8702361317600245, 0.9089422574463496, 0.7190057544967106, 0.7887713860964974, 0.9147479902442481, 0.9234080088713693, 0.9224525051444331, 0.8910181359427337, 0.7803786308114604, 0.8903321706452587, 0.7964582915277837, 0.9290400436405851, 0.900684602051906, 0.9197296569439517, 0.9012883978355883, 0.9107933670056867, 0.9381874002968436, 0.9123944584376952]
[0.9413599063672868, 0.9412315676907653, 0.9391536482936096, 0.8771868424426782, 0.9421505377529977, 0.9105902856820053, 0.9332956004709227, 0.8578809671998577, 0.9106998073780742, 0.887351703709, 0.9247610418772206, 0.9370305783362493, 0.9192342534341301, 0.9372464005079154, 0.9284513951723979, 0.9164299964485738, 0.7464387146155086, 0.8197007376082139, 0.8983270762829901, 0.9115600398751693, 0.93135292819061, 0.9207671358602032, 0.821476892054825, 0.929407831950466, 0.8867079856945328, 0.9123675985275232, 0.9289252226423704, 0.8520852698787875, 0.9182592022695566, 0.9431381489272317]
[0.9431381489272317, 0.9421505377529977, 0.9413599063672868, 0.8937524013295771, 0.9043844492492602, 0.9146649588809449, 0.908242947968169, 0.9179895877634277, 0.9457510574726474, 0.9121434137493216, 0.7703913455301132, 0.9005370475939896, 0.7586823118430688, 0.9391683256530899, 0.9377526259188084, 0.9349591747858124, 0.831104333160469, 0.8864636805889408, 0.9376624637209725, 0.9154410008924498, 0.9374144952608746, 0.940042940226102, 0.9248914107444648, 0.8197397618636656, 0.9320948876367428, 0.939936745342288, 0.7805267211081732, 0.9291998634268268, 0.938443741198343, 0.899173140475646]
[0.9457510574726474, 0.9431381489272317, 0.9421505377529977, 0.9327832940371841, 0.79990026120745, 0.9338239543639285, 0.9480073297965451, 0.8625692019001666, 0.9170453836273276, 0.9358871387554674, 0.8297846037648327, 0.8846592584477079, 0.8543341631151984, 0.9265036901728166, 0.794218687969609, 0.8864037666316832, 0.8998335218846311, 0.9383659255010256, 0.9008273510938938, 0.9416190209545368, 0.890475354091216, 0.9089876701628647, 0.9271895268204681, 0.9400704766158472, 0.885012382792115, 0.9317409180387337, 0.8014904302122493, 0.9231457380182078, 0.796527733842614, 0.7812885110649731]
[0.9480073297965451, 0.9457510574726474, 0.9431381489272317, 0.8577830227100156, 0.9299963560379064, 0.7348691698093741, 0.8672193036543409, 0.9199888774444033, 0.9030391563902656, 0.6787458549166016, 0.937737269082753, 0.8393559523413022, 0.9064765326649284, 0.9314756256922092, 0.9296236744880915, 0.8890354244880939, 0.8425931244815331, 0.8759090184920888, 0.8807703286461463, 0.9161059809309816, 0.8989966079991347, 0.8086367889237381, 0.9378308752417561, 0.9370374063331368, 0.9384883475797228, 0.8641959938294256, 0.901116523574031, 0.9253928444833934, 0.9501717616405966, 0.8622810594375744]
[0.9501717616405966, 0.9480073297965451, 0.9457510574726474, 0.9260493696251036, 0.9011970561859843, 0.906466220574267, 0.8460100681720412, 0.946072824205184, 0.8745641145284042, 0.7727205920708612, 0.9147615048158723, 0.9379403030452667, 0.9355496157997266, 0.8313042894963246, 0.9258393715752853, 0.9168599630098694, 0.8730218168902651, 0.93529733898826, 0.9284656724568208, 0.7557188189426406, 0.8294120579701751, 0.8078786993241386, 0.8166228363256075, 0.94134883294192, 0.84193720381908, 0.9459036473338783, 0.9272769877502426, 0.8217169679236926, 0.9338333248519334, 0.9277138198452319]
[0.9501717616405966, 0.9480073297965451, 0.946072824205184, 0.94662715635519, 0.8755926869982509, 0.9311483335325945, 0.8157413119641397, 0.9068175873419001, 0.7275839854084634, 0.7765821789494574, 0.92683160262489, 0.7312570516102435, 0.9551171088051946, 0.9427600791820591, 0.8322712573269891, 0.9066606294530899, 0.9162144449108548, 0.7935288309806341, 0.9376875450836925, 0.9260392786681083, 0.9229729106961085, 0.8721656700597014, 0.7646556157420975, 0.9120684601216136, 0.918998771271394, 0.8974417707974834, 0.6191848836224719, 0.8326528353764128, 0.9164740714925871, 0.9093626296250508]
[0.9551171088051946, 0.9501717616405966, 0.9480073297965451, 0.8688622873346203, 0.9208411701843456, 0.8522590379416681, 0.800190995377199, 0.9557284049445225, 0.9280059865581829, 0.9344822325528758, 0.9048588671192008, 0.9392526326350982, 0.9241196469657541, 0.7907236930033695, 0.950079505619141, 0.755476737111366, 0.8752892701788385, 0.9243685129106227, 0.9422658627520927, 0.9255786266453389, 0.8357724399834209, 0.9451334009708883, 0.8269061766562035, 0.9155546075563022, 0.9240840101144494, 0.9154384418732783, 0.9155542161049577, 0.8793804849039453, 0.9289477287751942, 0.945169686755625]
[0.9557284049445225, 0.9551171088051946, 0.9501717616405966, 0.9089144118885336, 0.8730526010099272, 0.9403842177633357, 0.8918775586986982, 0.9261448744855421, 0.9026347181166064, 0.9184879185758438, 0.9382680497947493, 0.9371862128184544, 0.9232108662776417, 0.8533258498927712, 0.9379120808411977, 0.9062642614041204, 0.9014878768056027, 0.9098551495461078, 0.9357866099827264, 0.9217162789486626, 0.9175805412470033, 0.9384919474955913, 0.9226087725404565, 0.9354514807883606, 0.8124982878747922, 0.9194661921764569, 0.8451218316410339, 0.8813016598034715, 0.9429096357235316, 0.9492056545854257]
[0.9557284049445225, 0.9551171088051946, 0.9501717616405966, 0.9407728500693926, 0.9251549142780593, 0.8965926467893336, 0.9162908332203241, 0.9295834797332416, 0.9040031141539995, 0.9259402302381669, 0.9298038671393439, 0.8567530257232168, 0.919974035378408, 0.9539093541225707, 0.8367870181737328, 0.7815755213910096, 0.9049410986219846, 0.9435611406452632, 0.8980511984541019, 0.9077402831778457, 0.8607872133575516, 0.8473071917655718, 0.9334175955007675, 0.9494540410044668, 0.9411432616117318, 0.9498366315056254, 0.8324019872440045, 0.8992250643016783, 0.9265854216768263, 0.8545504275662228]
[0.9557284049445225, 0.9551171088051946, 0.9539093541225707, 0.9081511668440876, 0.9321118958055641, 0.9331230325041772, 0.922573365480048, 0.952160593948711, 0.9047579941490761, 0.9328434018387615, 0.9473352278067727, 0.9097179796030842, 0.8546774477668517, 0.9180201271730415, 0.9459561689763686, 0.8864036795491808, 0.9329795439102848, 0.9523937349941359, 0.8904950366015979, 0.9078946623288046, 0.9444585967187746, 0.9361400533675405, 0.6457632083845175, 0.845510195541073, 0.9375513223350702, 0.9209555540539914, 0.9364382215427156, 0.8523618770509066, 0.789288652144804, 0.7845126105754644]
[0.9557284049445225, 0.9551171088051946, 0.9539093541225707, 0.8812891034472949, 0.8883335817488003, 0.9059227188523487, 0.9053674224817418, 0.8772935231140977, 0.9416024490672631, 0.9385926065615352, 0.9314719753257812, 0.9320548182410059, 0.9034624504161813, 0.9089806908611786, 0.9087780271547009, 0.8943831249898657, 0.9405093158762137, 0.879344162379897, 0.8617927634616688, 0.8557010122822064, 0.9466550023635405, 0.9493760906283082, 0.8945762521529935, 0.9246354905106535, 0.9160839334308916, 0.809427967506843, 0.7662987557073483, 0.951580050545833, 0.9356685731714937, 0.7202234360683314]
[0.9557284049445225, 0.9551171088051946, 0.9539093541225707, 0.9339784105006679, 0.906368659231048, 0.9275302820262608, 0.9281835818030518, 0.9247691124871151, 0.8881918375644101, 0.949148391527565, 0.7852964022692562, 0.8824071464737221, 0.9347508633604237, 0.7838493749571463, 0.9358622571056873, 0.9165036965906853, 0.9259799671091833, 0.9233717315480318, 0.9309945481134667, 0.9370249544825608, 0.9370728042231998, 0.8786828249030058, 0.9407662300669944, 0.9139296563257137, 0.8908459378248842, 0.8494480467109597, 0.9188381075164664, 0.9304312651162867, 0.9390303472403845, 0.9439853527213701]
[0.9557284049445225, 0.9551171088051946, 0.9539093541225707, 0.9097748854678412, 0.937052088303457, 0.8792652253642016, 0.9336618163814524, 0.884037473452012, 0.9154931778884849, 0.931756862388213, 0.8653923931953831, 0.9040500445135277, 0.8879617299235681, 0.9136496750612981, 0.9491312961749061, 0.9336300784257894, 0.9040894926100592, 0.8956631723459665, 0.9566378196776749, 0.9243590286544469, 0.931963375136507, 0.8964001093149747, 0.8640355246273717, 0.9366529399985695, 0.9285021457932725, 0.7914416740383878, 0.9215455233126224, 0.9034435492004488, 0.8153525880479708, 0.9071106342443281]
[0.9566378196776749, 0.9557284049445225, 0.9551171088051946, 0.6602200634508502, 0.8902165807704776, 0.949478519345075, 0.8010816101087084, 0.9403124981259142, 0.8858971792935962, 0.8400137557229801, 0.944677979425648, 0.9384054836329079, 0.9544745476024907, 0.9507146357009315, 0.9217357859601325, 0.9291328342850755, 0.9246789000613569, 0.8752773777825911, 0.9138083245452222, 0.7891759756569262, 0.7225268440561221, 0.9036447190961486, 0.8816441743045367, 0.9161456627996946, 0.8394265779085837, 0.8554769072322529, 0.8586378278891277, 0.9027837485756957, 0.8454144553770999, 0.923822696900884]
[0.9566378196776749, 0.9557284049445225, 0.9551171088051946, 0.903053995093048, 0.9284967791635981, 0.9538033944058676, 0.9182430580091299, 0.695648753966935, 0.9224759990309449, 0.8718669770235951, 0.9464793803552686, 0.9151791420868931, 0.8243992024077448, 0.9397014759687761, 0.9048420456858146, 0.8774600016358494, 0.8964552838972749, 0.9480637969745972, 0.954853479013585, 0.9391541567184569, 0.9020813050309421, 0.891102532007201, 0.8644186690340613, 0.9276659436186093, 0.9395240281654486, 0.9300214682183411, 0.9506981753445887, 0.9287448646754175, 0.9502992869463509, 0.8132080343668091]
[0.9566378196776749, 0.9557284049445225, 0.9551171088051946, 0.9558884618326554, 0.9050824065021668, 0.9156586588435067, 0.9215024476518756, 0.9348245008950282, 0.9350956622958779, 0.9441492469860402, 0.8971615080690387, 0.8810023146472596, 0.9451590987760486, 0.6207232342822244, 0.9270293627132636, 0.9438680588208831, 0.9061984042558289, 0.9290284092812923, 0.9508821256371136, 0.8764298385594229, 0.9445989788533299, 0.947865879117318, 0.9525974591507901, 0.6149928654776353, 0.8001858828771714, 0.9554037650183899, 0.8518824699415136, 0.8666241912132062, 0.8572528088217337, 0.8465521176748213]
[0.9566378196776749, 0.9558884618326554, 0.9557284049445225, 0.9550328296116097, 0.918433500690937, 0.9242373407001041, 0.7041600151638636, 0.6070453002827346, 0.9112390155490802, 0.8623542266319462, 0.8679312892901692, 0.9318767700704581, 0.8172943004319108, 0.9245134372344354, 0.949928343097513, 0.9150944620452377, 0.7829404845457005, 0.9227689456318371, 0.8940960535991485, 0.9308473523167127, 0.9341523876831966, 0.6992779465953602, 0.9191136067538989, 0.9534308995035794, 0.9330753488681602, 0.925716932742908, 0.9425904417155453, 0.8885182363827268, 0.9474109430281272, 0.8843433615382998]
[0.9566378196776749, 0.9558884618326554, 0.9557284049445225, 0.8025226009696409, 0.938478880702679, 0.9229221191599206, 0.9504045393023633, 0.9506951371186212, 0.8909330944434116, 0.9485137800760576, 0.9505041082460164, 0.8798469218788627, 0.9568022606143556, 0.945602697991119, 0.8423358163369762, 0.9222938125546497, 0.9002677778847269, 0.9271326087699052, 0.9458030831454728, 0.9380207806453836, 0.7899118479337792, 0.9395111037273989, 0.9364429544111234, 0.8784334179397174, 0.8520687656415067, 0.9242994541647012, 0.9552106319418775, 0.9326538958218217, 0.9482386658107087, 0.9410564090658189]
[0.9568022606143556, 0.9566378196776749, 0.9558884618326554, 0.9426952689843979, 0.8870922937319585, 0.915990700303146, 0.9497038425936433, 0.9574964093483384, 0.9250584680760852, 0.8005775929182551, 0.8591797396591471, 0.9270807802431018, 0.9322826403770238, 0.9185959897417633, 0.8713070276733414, 0.9404687687657312, 0.9279009673278225, 0.9453583955587876, 0.9456086486249863, 0.9010684856023571, 0.8413900660010807, 0.8995434660107186, 0.9305722790374783, 0.9160620868927206, 0.9536365565635397, 0.789575169436984, 0.9455410288701526, 0.9738782927348703, 0.8513227102870274, 0.9143742848015004]
[0.9738782927348703, 0.9574964093483384, 0.9568022606143556, 0.947751680911027, 0.937826607178649, 0.9265960913378752, 0.9447702902921568, 0.9465315658696878, 0.8936534996804032, 0.9231874060974813, 0.9278224495957573, 0.8485084487869659, 0.7951613227442081, 0.8933670544780224, 0.8983583662640194, 0.7978513597997076, 0.946077934093202, 0.9413756446712706, 0.9475169414758278, 0.9197385932476738, 0.9486961596362276, 0.9335160061030728, 0.7104578510827464, 0.9002958842439653, 0.8587738821635833, 0.9092758144506836, 0.845097044036458, 0.9574220301007884, 0.682156822472207, 0.9053556285942608]
[0.9738782927348703, 0.9574964093483384, 0.9574220301007884, 0.9445213025507234, 0.7689940059471589, 0.9063945857524716, 0.9526120559068951, 0.9309888534657155, 0.8166815023812021, 0.9106991384931317, 0.6422085347749131, 0.926873791152912, 0.9370982088252182, 0.9203685648951437, 0.8525317314610384, 0.9567837466658144, 0.8796268839229358, 0.9500043181326081, 0.9243483604130468, 0.8378004809873598, 0.9316199627708078, 0.9557340510001159, 0.6824928886718967, 0.7897446970318912, 0.9560204342683963, 0.9558675961859519, 0.9393053410539064, 0.9344925736619698, 0.9524758884407625, 0.9533664094867099]
[0.9738782927348703, 0.9574964093483384, 0.9574220301007884, 0.9051468514631191, 0.663126006889974, 0.9389561601166393, 0.7414585962947803, 0.687095560831922, 0.9323602048115465, 0.9253858500936065, 0.8306585652225842, 0.9131559762645255, 0.9618507067787041, 0.7492964046270556, 0.928162490679249, 0.9154628278821507, 0.8034544950198913, 0.8490394442837371, 0.8421299792641561, 0.657351760532658, 0.9116883329890954, 0.9127842285443979, 0.6305277904159063, 0.9393642218666679, 0.9704446923589494, 0.9462555553480444, 0.919535010959677, 0.9477928356476719, 0.7944224065983827, 0.8288296039137332]
[0.9738782927348703, 0.9704446923589494, 0.9618507067787041, 0.8013747790964907, 0.6716616138101951, 0.8746423597712857, 0.9292727508803978, 0.9359605044624626, 0.9274138985876688, 0.8293572990435177, 0.8964836764012658, 0.8595306182884271, 0.6292033342017758, 0.6980154907858548, 0.9397288193425528, 0.9359224360886774, 0.8438188337948871, 0.7695878310241138, 0.9542326754029752, 0.868401630454664, 0.8606818458910617, 0.9036626472331375, 0.9421809177441296, 0.9699213300070112, 0.74855990687821, 0.8736454123045448, 0.954881536469091, 0.6603624745289763, 0.8253584645730477, 0.8311119782666484]
[0.9738782927348703, 0.9704446923589494, 0.9699213300070112, 0.9283048637674968, 0.7256934043866008, 0.9596425293380393, 0.9127269442015887, 0.9480589519527193, 0.6562048251229231, 0.9183062813416321, 0.9468781932125948, 0.9009556951871657, 0.8720810429174012, 0.8996713405390083, 0.9485213462446316, 0.9194507491324814, 0.6608898194849977, 0.9128636327247874, 0.9458549988709692, 0.9352809360558039, 0.8288359061155947, 0.9215651089964614, 0.6669038872419804, 0.9149522315702932, 0.9131550182381459, 0.8543519400345431, 0.7037526380796055, 0.9550622695711637, 0.9404621037664941, 0.8728640279970655]
[0.9738782927348703, 0.9704446923589494, 0.9699213300070112, 0.7817859677979823, 0.8974531565921529, 0.8071540205082477, 0.9698426355210703, 0.8552541523276098, 0.9669373126517059, 0.8397848567949879, 0.8976882224259088, 0.8817599735905131, 0.7162871165475143, 0.954467493144066, 0.8056107025314181, 0.8639302974163668, 0.9004626684786677, 0.7015387987556859, 0.7547028080654218, 0.960284211668623, 0.8969629892343121, 0.9422520863555027, 0.642439355362607, 0.7908308286369212, 0.9279749774580991, 0.9344916838788647, 0.9703257069562288, 0.9380364562978126, 0.8531092094388589, 0.9204875924700353]
[0.9738782927348703, 0.9704446923589494, 0.9703257069562288, 0.6746356243752961, 0.9313168675686628, 0.8939419755373205, 0.897787123626184, 0.8235156588240168, 0.9415470683478412, 0.9306018605045762, 0.8480780778609583, 0.6888940010588018, 0.9318747441625754, 0.7465821486502406, 0.65041687656038, 0.8707146286027392, 0.9333266659467357, 0.874005945680758, 0.9540440613515656, 0.9576113764999848, 0.9152190172331293, 0.946012375985675, 0.9609269113623, 0.9175500951447463, 0.851898921073422, 0.9476148953308661, 0.9473626608981208, 0.9486467173062204, 0.9105145423761517, 0.8943277626787314]
[0.9738782927348703, 0.9704446923589494, 0.9703257069562288, 0.8836005790100755, 0.7063023053681379, 0.9477590854496983, 0.8480431746417417, 0.884038376022509, 0.8952047933468735, 0.8798517037001673, 0.97200394503914, 0.6443001454500039, 0.9059394936947702, 0.6497616293563689, 0.9589503232825516, 0.9555918931947491, 0.932619497098366, 0.9214740313394484, 0.8910383177991212, 0.931909279678404, 0.9311860320021289, 0.9025420542215239, 0.8450452812447995, 0.940729810853899, 0.9604094223705221, 0.6632711347568102, 0.9069731742116995, 0.6893192566040025, 0.9538535943550447, 0.9310733841968176]
[0.9738782927348703, 0.97200394503914, 0.9704446923589494, 0.9430986224977337, 0.694822931090565, 0.9563546430054154, 0.9674539336750733, 0.9335844305121557, 0.8356317848371122, 0.9564479741458456, 0.9563775729861981, 0.9707148931696422, 0.9304536489994708, 0.8626531032371288, 0.855697226807639, 0.691140660781729, 0.9568958503263774, 0.9331744844651737, 0.7182161042653322, 0.9213078601030191, 0.8847699371137975, 0.9364128354094053, 0.855996744277852, 0.8429655461545098, 0.8880626821517101, 0.9546316035340203, 0.7242874018601629, 0.8948575833230811, 0.9232804715739495, 0.9424751103000446]
[0.9738782927348703, 0.97200394503914, 0.9707148931696422, 0.7601971969472461, 0.6510135380074455, 0.9057315127008329, 0.9403582877621481, 0.9218883978443575, 0.9389676332584851, 0.7291311643024115, 0.9660047950813528, 0.8532486538151451, 0.9294736128567578, 0.6588224547057383, 0.9493187763750434, 0.9069757514881418, 0.8442210254966741, 0.9257548242514468, 0.8843428056628995, 0.9139806360180562, 0.9468884767591582, 0.9409834461488543, 0.9038361808048606, 0.9641104431284504, 0.8987526641292568, 0.9508690251174492, 0.6514679673250112, 0.9151631266200617, 0.9425147144303283, 0.9136143505631762]
[0.9738782927348703, 0.97200394503914, 0.9707148931696422, 0.8935101700940765, 0.924512076087984, 0.9643914005403665, 0.6823534089555583, 0.9426701199205534, 0.9201561240295814, 0.8267895101166283, 0.8962139738511947, 0.918887849486349, 0.9407454033570665, 0.8358755124187398, 0.9441963956453231, 0.6913066843893865, 0.7668750754099097, 0.9112715812305467, 0.8753744282471865, 0.9373719796101404, 0.8899926848093856, 0.6465019380204106, 0.935870069553677, 0.6240526552077057, 0.9536603411077835, 0.9110733766063718, 0.9519060371408543, 0.8715600564700322, 0.6676133783083822, 0.7584022387602148]
[0.9738782927348703, 0.97200394503914, 0.9707148931696422, 0.9301381223987606, 0.9459216016032113, 0.9266615912224195, 0.928007224943879, 0.9388537651828041, 0.8938855674560151, 0.9217027020673658, 0.9135864128133677, 0.8815037232893828, 0.6012031069312347, 0.921082640943923, 0.9193420365685666, 0.8786104983897227, 0.9604312262930307, 0.9587718899224118, 0.9663555186370063, 0.9303028651750499, 0.9078685427211586, 0.9605218537352302, 0.9211590452576568, 0.9078545366065839, 0.8246309872439227, 0.947243128359487, 0.9210629080295862, 0.8501728507815142, 0.7221423693456831, 0.9280755283867482]
[0.9738782927348703, 0.97200394503914, 0.9707148931696422, 0.9103757146413899, 0.7497330880859224, 0.9038875691883621, 0.9398786805300621, 0.82959537828683, 0.7116159139043207, 0.923154419105832, 0.696954410255703, 0.9673006412028672, 0.9190462315163461, 0.9338248402514011, 0.9625391049732084, 0.8797208279860904, 0.9209663996442886, 0.9200799693556198, 0.899585176747547, 0.8268930802833591, 0.9202623803649398, 0.7915254245759026, 0.9196249561670856, 0.9429426949681442, 0.6105465190438206, 0.7228972243435511, 0.639034187577383, 0.8715520832587981, 0.5900129442363723, 0.9277529781386299]
[0.9738782927348703, 0.97200394503914, 0.9707148931696422, 0.7642281318153114, 0.6703331813472336, 0.8725809281925223, 0.8799148009532323, 0.8480739351036984, 0.6972836884500918, 0.8193207909213417, 0.8132138611105943, 0.6912335409854506, 0.8898359068247504, 0.8970626831871612, 0.9013453220905181, 0.9455398891084726, 0.8038366113341749, 0.9387145008219242, 0.9021216159031419, 0.9649661089371314, 0.8995402982983522, 0.9087660705602179, 0.960601748016144, 0.9300239668545317, 0.9651205288243714, 0.8205495308029102, 0.9728951432300001, 0.8525087784428782, 0.9681712631056351, 0.841346810291934]
[0.9738782927348703, 0.9728951432300001, 0.97200394503914, 0.9119151242923123, 0.8302486203232916, 0.8289689029071526, 0.9436884093750849, 0.8192694042989779, 0.9677512806095009, 0.8420366390106699, 0.9097879325866328, 0.9082122658311036, 0.8658416236227248, 0.9522591335790072, 0.8838749581294977, 0.8924573680175587, 0.953856597912195, 0.9472626787459477, 0.8951121549701894, 0.9498095261810517, 0.89357193909602, 0.9475958631575523, 0.9657389330916567, 0.9270838708212945, 0.9399352251520198, 0.9210817598924658, 0.7756692969754426, 0.8308311871672174, 0.8155309665596895, 0.9199161631367363]
[0.9738782927348703, 0.9728951432300001, 0.97200394503914, 0.8048635756153572, 0.912362566712312, 0.7921503903740321, 0.963644076631745, 0.9225935009343591, 0.6468993585720815, 0.9189993693712871, 0.9396626093074778, 0.6133341108135385, 0.9448691301802917, 0.8034234756850235, 0.9471219429055475, 0.9185520627339037, 0.9212830624376085, 0.685268995102404, 0.9289653315950082, 0.9501791403053362, 0.9199093392620427, 0.9475399309056588, 0.94485183333394, 0.7920511368910458, 0.9248202303807014, 0.9395017243001224, 0.907149082412109, 0.6270572712099085, 0.961048805753721, 0.9053229423880732]
[0.9738782927348703, 0.9728951432300001, 0.97200394503914, 0.9614693736347384, 0.8805066228939593, 0.9635204454845478, 0.8114055533217568, 0.6574707206651764, 0.9666250218067101, 0.8302538238059969, 0.9212468314332949, 0.9346299093807275, 0.9508822951737388, 0.9420841775682968, 0.9280311564432766, 0.8972192355588093, 0.9371249678514593, 0.9354963061314046, 0.8709298587549027, 0.880855574394106, 0.8576167308946859, 0.9527714774091229, 0.9146571429551998, 0.8631290052563885, 0.8958276390874933, 0.8908682756327629, 0.8339227744335206, 0.9668542976226706, 0.9632616985606459, 0.9296858539409822]
[0.9738782927348703, 0.9728951432300001, 0.97200394503914, 0.8666423962959268, 0.9568893712919418, 0.7785090427010755, 0.6301768261522175, 0.909885402770757, 0.9607564054638869, 0.9506577511899217, 0.7055427353366106, 0.8338413653959305, 0.6303540666463812, 0.9558390293510544, 0.8595090783829564, 0.9682973215725726, 0.9145359180841339, 0.8934291333538176, 0.8970327143410565, 0.8347545056772643, 0.8907167386800057, 0.8495270381988822, 0.7465619984876444, 0.6270306230459658, 0.8133862348630504, 0.9549250685992059, 0.9644972491113203, 0.7361627402057725, 0.9118681523536416, 0.970851350558329]
[0.9738782927348703, 0.9728951432300001, 0.97200394503914, 0.6274224431022963, 0.8685577321116239, 0.9508083701316715, 0.8638868826887139, 0.9416873245791693, 0.79552950226784, 0.9413043166422022, 0.920248450963406, 0.7687206491359787, 0.9006776441646205, 0.9204821550396639, 0.8397237166356127, 0.9381013146479975, 0.9509340242891022, 0.8813600496127946, 0.8305676673205135, 0.9630639173748332, 0.9203318560589279, 0.7875727068925313, 0.756206321693917, 0.8945606074115444, 0.9221382218607661, 0.9580574913701119, 0.9418406745689404, 0.903512049296295, 0.9000661955369839, 0.8166449913419949]
[0.9738782927348703, 0.9728951432300001, 0.97200394503914, 0.9410191270611515, 0.96016169181739, 0.599423400455354, 0.9116099766971447, 0.9309567688108079, 0.9543952140001236, 0.9516605367597354, 0.9346806523291199, 0.8431774245565747, 0.7200054651946919, 0.9308425573257663, 0.8518833512356228, 0.9678723251584378, 0.9741358947464863, 0.9617705202218199, 0.887072361379743, 0.8478810390750056, 0.6450861773461689, 0.9129379720474137, 0.9528677924894192, 0.8021296400180699, 0.927951004958609, 0.9427647127401024, 0.9681179634512259, 0.973130604026406, 0.8943984293197169, 0.878155040826078]
[0.9741358947464863, 0.9738782927348703, 0.973130604026406, 0.8936415081148333, 0.9645595983265604, 0.9031858063398295, 0.9683481188659305, 0.9563282469839043, 0.9567556034290734, 0.9165735091652205, 0.9517867442977815, 0.9731108583121294, 0.9381570582172105, 0.8505448784481769, 0.9343944347076567, 0.8810063792311622, 0.7967975359986473, 0.9660282330623094, 0.9174275975995853, 0.9120881433288186, 0.9326108698988468, 0.9718967761381504, 0.9452597285167649, 0.9343428248637455, 0.7111306521383799, 0.9364006938415358, 0.910302068696083, 0.8019190340708744, 0.8648205570929643, 0.6786561062406802]
[0.9741358947464863, 0.9738782927348703, 0.973130604026406, 0.8680856165753248, 0.9432845481944375, 0.9559536379315648, 0.8945631539707819, 0.9445575610541156, 0.969598120584257, 0.6885511427358665, 0.9389840188086599, 0.8783850790637235, 0.9672874460909564, 0.651712049372186, 0.8461879681524278, 0.9241820471433041, 0.9407466955368934, 0.9616094557091168, 0.8692736591987048, 0.8586211030056015, 0.7402708553924533, 0.8835703241032572, 0.9459925236795852, 0.8827179015359274, 0.8760968981466246, 0.8494200483924105, 0.9675524390467907, 0.9722502835662394, 0.8228919104579893, 0.8862726343335044]
[0.9741358947464863, 0.9738782927348703, 0.973130604026406, 0.9104450897776148, 0.9147662065973956, 0.9620078001664797, 0.9631134723251197, 0.9693611670126816, 0.9386813289362227, 0.9360282806938046, 0.9531204231047773, 0.9265373207821714, 0.9405499134052757, 0.8711212738452463, 0.9423524334883031, 0.8893532175182444, 0.8696509160979535, 0.8747515625393935, 0.9366950925410161, 0.8694817754667646, 0.807861804520121, 0.8729730194055688, 0.8461854771752164, 0.9052109432134418, 0.9035775676562262, 0.9563024350142373, 0.9302172912383576, 0.8943982713982812, 0.8974614510969077, 0.6472810499974947]
[0.9741358947464863, 0.9738782927348703, 0.973130604026406, 0.9714781317401163, 0.9317852178148788, 0.9205056358097374, 0.9023579541992824, 0.9646389481490298, 0.84876572313698, 0.7580116391407167, 0.9214228549102955, 0.831699259749426, 0.9625973338362284, 0.9454604010424852, 0.9433301639266943, 0.9120846690248056, 0.7265015323930926, 0.9151851213705177, 0.9325654110573229, 0.915033218685666, 0.9511165013558327, 0.9621858519759464, 0.8658655687247596, 0.9656218236903312, 0.9636634104552999, 0.8449575602793697, 0.9442248049898266, 0.938201013631241, 0.9246580100839134, 0.9079315607940738]
[0.9741358947464863, 0.9738782927348703, 0.973130604026406, 0.8781596660022506, 0.8779507645943115, 0.9414202864429053, 0.7772475386803017, 0.9704534817876066, 0.9665737575870321, 0.8956409732366516, 0.9589263249156176, 0.9083396371812814, 0.8370220036213134, 0.8798500139423688, 0.6524186057965224, 0.8369305728381838, 0.9324500152635284, 0.9231727349956101, 0.7399544575178219, 0.9626502257344376, 0.9629672480336812, 0.8943225564848748, 0.832525567150677, 0.9487977973802547, 0.8872164947154204, 0.8106611795357582, 0.9530101856501364, 0.919758100168276, 0.9229571923006287, 0.8479117573867354]
[0.9741358947464863, 0.9738782927348703, 0.973130604026406, 0.9522233531994865, 0.8902271120526798, 0.9590888841132558, 0.9582880874878015, 0.9610460255724012, 0.7368366169058763, 0.9571961536432515, 0.9357918987956985, 0.9545288916461254, 0.7306670896618058, 0.9006103571174727, 0.9337997038442625, 0.9088666608024943, 0.9510957369313328, 0.9452944394598675, 0.9251339954671646, 0.963547898483164, 0.9589548144399367, 0.8822656430325274, 0.7963457747092589, 0.9267087586150039, 0.8710657522937845, 0.9579290997638897, 0.6409876959136088, 0.7867778883260196, 0.9269561449028653, 0.7431442945966579]
[0.9741358947464863, 0.9738782927348703, 0.973130604026406, 0.9729019813280179, 0.7623790132769711, 0.9619554689271519, 0.9592890201586994, 0.9016878783902508, 0.9531561227204771, 0.881932585533123, 0.970008659514847, 0.9044969969923046, 0.9573264456811303, 0.9433919131969435, 0.9475111945572245, 0.7207799225941813, 0.8429941338500029, 0.944677810792831, 0.9321971568987603, 0.8860581671354449, 0.796097452807485, 0.8456147074088924, 0.9644829359799483, 0.9327439441585762, 0.9530597147249336, 0.7725808614670565, 0.6526956817300066, 0.9469321559707793, 0.9567955332164491, 0.9519971959665764]
[0.9741358947464863, 0.9738782927348703, 0.973130604026406, 0.8612645591555845, 0.9465992496771232, 0.9055409263513888, 0.9255672161530869, 0.8894521965934244, 0.9622671572181292, 0.9666215514067459, 0.9434082051964109, 0.9144040365300461, 0.936678804492918, 0.7895815391087128, 0.8734815565905473, 0.9549445273468405, 0.864936125219734, 0.9584198461302962, 0.9552758518177881, 0.9128485587747242, 0.9669570497268262, 0.84864697333735, 0.94766592940052, 0.9406180390657617, 0.9344772274409859, 0.9604002652567083, 0.8633814788888998, 0.9609427818433588, 0.9503411909942926, 0.8320972684805514]
[0.9741358947464863, 0.9738782927348703, 0.973130604026406, 0.8456137763818768, 0.8266647432297122, 0.9701987298401976, 0.8949452003504347, 0.8302196321158987, 0.9471929367468715, 0.8254441639196372, 0.8750164890611246, 0.7968911601610278, 0.8994325844152464, 0.8869895238689245, 0.851929897637357, 0.9573804220040487, 0.9014416461113121, 0.8815853670615428, 0.9665715450702247, 0.6406919003997702, 0.8750034808440971, 0.9724325263165855, 0.8958989133278003, 0.8145343684284527, 0.9292993266074125, 0.8625189845601583, 0.9732726687383121, 0.8881500364017003, 0.8846167496035794, 0.9685033979309525]
[0.9741358947464863, 0.9738782927348703, 0.9732726687383121, 0.9280445335694917, 0.9015503789051296, 0.6680679428254039, 0.771167859110054, 0.9126410094499662, 0.9497943891529921, 0.9522502792359697, 0.9582433540549381, 0.9684372881842989, 0.9623572204865862, 0.7720069835179741, 0.9629678912776144, 0.9662817273903531, 0.8691574765551491, 0.9522678247187096, 0.8754381917052594, 0.8295771073621742, 0.8813431548044136, 0.9672542106222816, 0.9659352019727853, 0.8685794980322317, 0.9457315281922937, 0.7803122974710572, 0.6730511860112611, 0.8710498517908265, 0.9265612879031945, 0.7144935089068258]
[0.9741358947464863, 0.9738782927348703, 0.9732726687383121, 0.7569487326232868, 0.9031335285609423, 0.9305971262681633, 0.6951722858346412, 0.9632403091841168, 0.9158358318987599, 0.9126327686540273, 0.9601675905267713, 0.9590981400394711, 0.7140952394647402, 0.6842335221674377, 0.8710265927729479, 0.8949253539385866, 0.9306090335449055, 0.9214943909878202, 0.8575645190370175, 0.9611331167710112, 0.9419561367360025, 0.8348910064522217, 0.9279442022885337, 0.8671045991397456, 0.957768909821212, 0.8384652503334925, 0.933920623083382, 0.7167267113741367, 0.9455820872043439, 0.8796361028975099]
[0.9741358947464863, 0.9738782927348703, 0.9732726687383121, 0.9363787069852283, 0.930389692622842, 0.9050710496855594, 0.8144661267414993, 0.9066305199952215, 0.8057373655299076, 0.890668548870622, 0.8875219983969115, 0.8551214055511426, 0.8638022626528451, 0.6826575134524584, 0.9295741209795106, 0.884098897565398, 0.9669115765296423, 0.974256485406208, 0.9490317577448213, 0.8620153754748355, 0.9046249462245196, 0.9206982355163496, 0.8800551058349187, 0.8608258824436027, 0.9357391990929081, 0.9564541936796116, 0.9216605910461115, 0.7860197005100552, 0.946399927762519, 0.6871613079533536]
[0.974256485406208, 0.9741358947464863, 0.9738782927348703, 0.9063417421091949, 0.9345736641406889, 0.9627652040123568, 0.8485478705192457, 0.8524687398889257, 0.9148943999545994, 0.967428257412041, 0.8772483092556008, 0.7521182504427374, 0.6433236676900187, 0.8714428318027815, 0.8758783720503296, 0.9172217220251148, 0.9220637744870708, 0.86246141079366, 0.7158840915304172, 0.6863362543632031, 0.8744131870358149, 0.932107284936748, 0.9679205012545115, 0.8871648036738286, 0.776473912117616, 0.9149129621990605, 0.9549091722976001, 0.9679935112877166, 0.8922840469798925, 0.9348330045670709]
[0.974256485406208, 0.9741358947464863, 0.9738782927348703, 0.9053003106402214, 0.9454361173194844, 0.8971231896658324, 0.9063969331588726, 0.9121998819935948, 0.9130523330069232, 0.9090635524914202, 0.8865297501700632, 0.9655578821375462, 0.672849460798329, 0.9170264018994717, 0.9350408004765767, 0.7870620237436121, 0.9223787619008919, 0.9640466628185634, 0.7206773083458543, 0.6852266439585218, 0.8894019615441846, 0.9567622852613399, 0.9343833259133444, 0.9492800331469644, 0.9205769441645109, 0.9514000297447369, 0.8531412773666294, 0.9415205360257244, 0.9736145387309161, 0.9390360524402751]
[0.974256485406208, 0.9741358947464863, 0.9738782927348703, 0.9032706243215456, 0.8392098428771203, 0.9438249861600626, 0.8248554435248462, 0.9484032919350729, 0.9731920545451626, 0.913860481946609, 0.7771830013602409, 0.9149080339206521, 0.9738277812514703, 0.9202500587922148, 0.7914680328844972, 0.851799599220153, 0.6458509035784814, 0.9228828921884664, 0.9755687794346385, 0.9502093491873671, 0.887529522463863, 0.7926791982275894, 0.8793507118119549, 0.9312397871112246, 0.9410633285572916, 0.928424665985492, 0.7681687908314455, 0.968926793087479, 0.8521164293897973, 0.806279107324349]
[0.9755687794346385, 0.974256485406208, 0.9741358947464863, 0.8693795965151682, 0.9619474442123894, 0.9037282011090321, 0.972976599785116, 0.9258659046510593, 0.9684416514513136, 0.6443556964788161, 0.9432314731880886, 0.9165710434011993, 0.8502114008651568, 0.9512277723696132, 0.8777684091323212, 0.905258511432802, 0.7252922470283355, 0.9329307788702725, 0.8930021915446331, 0.9271551551310909, 0.9414097058522158, 0.9467114598409792, 0.9018722371935936, 0.7310573265642936, 0.9553638252819732, 0.8978872594896545, 0.9731673558381269, 0.9487270350691054, 0.9400477279796082, 0.9081366581086993]
[0.9755687794346385, 0.974256485406208, 0.9741358947464863, 0.6585384472184872, 0.882886097281758, 0.8769972162353441, 0.961921818250706, 0.9589180247488318, 0.9475991346152435, 0.9595162441649309, 0.9416453991521159, 0.9337716899037684, 0.9159167327774791, 0.9266035230318568, 0.9435432750786305, 0.9728772920524407, 0.8990888252166902, 0.8786311896629889, 0.6063581270612736, 0.9575847816632002, 0.9254475246669829, 0.8642580692367193, 0.7029651672345505, 0.7738430297646877, 0.9558834222845475, 0.9476780995789297, 0.9600506719370008, 0.7553249309219723, 0.9510888831878356, 0.9183550805307014]
[0.9755687794346385, 0.974256485406208, 0.9741358947464863, 0.9551632669432406, 0.8828687000832978, 0.8373392196147845, 0.9360377041944741, 0.9641712933240792, 0.9483417816316471, 0.9465965567741399, 0.9246700314096198, 0.95902492605837, 0.9089617390255551, 0.9252139207676009, 0.874091475855949, 0.9633992436639389, 0.8798027080855012, 0.890387291697793, 0.8706137201216256, 0.9600578918614916, 0.9306941387694616, 0.9501336591426821, 0.7923920313717902, 0.9412094719041917, 0.681889783888745, 0.9060693610468488, 0.8413881214453369, 0.9187568812863501, 0.9576738197167869, 0.9731633578181168]
[0.9755687794346385, 0.974256485406208, 0.9741358947464863, 0.9669753895872616, 0.7257846883704275, 0.9647085483642858, 0.9295468050931435, 0.956350801145819, 0.7717198551342421, 0.9372747147843055, 0.9546165124191459, 0.87480414839481, 0.9191328433988069, 0.7167217047378661, 0.9410552989470897, 0.9386637211670804, 0.8955992615450006, 0.8764172298310383, 0.704442642272927, 0.934417436983165, 0.9521896818516242, 0.9344484779785188, 0.8892185080782209, 0.9683780038908792, 0.9626856139817206, 0.7706962222829438, 0.7219566714228767, 0.9444473158397135, 0.7908302409816987, 0.7319233841241042]
[0.9755687794346385, 0.974256485406208, 0.9741358947464863, 0.8347560556818356, 0.7092079376063224, 0.955066040472077, 0.8738852696957724, 0.6775570102340426, 0.6965023979209229, 0.9185527020787193, 0.904867179541597, 0.8377040701671622, 0.9684346249116439, 0.9467952743927402, 0.9690589304827404, 0.9305185020632749, 0.8628109357125406, 0.95417894156324, 0.938114771122923, 0.9548806311838177, 0.8716126644045233, 0.9331067670913656, 0.9674145900510649, 0.91100496607328, 0.9388562179216694, 0.9577799981845824, 0.9404876810944447, 0.896810963586106, 0.9501181546737265, 0.8432574565225552]
[0.9755687794346385, 0.974256485406208, 0.9741358947464863, 0.9199644053822295, 0.9284381315920169, 0.972647026686669, 0.9637710284466128, 0.9661067512675523, 0.8839077754133322, 0.7039981121441738, 0.8736420500472272, 0.8956818941978202, 0.6659591733089484, 0.6962641488108451, 0.8925152572680475, 0.9453093189585441, 0.9712926749245446, 0.9736250578201996, 0.8073497835541543, 0.9392299951901814, 0.9444074282418573, 0.9609109433217737, 0.9622483412474265, 0.9596892654705261, 0.8649376642875743, 0.9207882162769968, 0.9583125472944124, 0.9191559436372956, 0.8321435778704467, 0.8003729950003577]
[0.9755687794346385, 0.974256485406208, 0.9741358947464863, 0.9482091321463872, 0.9546773544198286, 0.8911394916909051, 0.9036978876120234, 0.9505750794713914, 0.9521313482439591, 0.9265023226529612, 0.9734195877643828, 0.9579625720023011, 0.7204024312403282, 0.6700325907624115, 0.7667996121216502, 0.9619337642498937, 0.6001931651888778, 0.9687643734916286, 0.8069291111622735, 0.9603341870978802, 0.8374000020733537, 0.9426089741581531, 0.9183380118861612, 0.9565324763198148, 0.9735763723614178, 0.7630973888578265, 0.6220327160204361, 0.965313531927995, 0.8856117659411982, 0.9217424977933208]
[0.9755687794346385, 0.974256485406208, 0.9741358947464863, 0.9639951830059635, 0.9658572062759282, 0.9202361287455975, 0.8388145573276679, 0.8446224855445533, 0.9605572160479119, 0.9715596013811386, 0.668443860558006, 0.9674593435964631, 0.8756793833132073, 0.816419687714659, 0.8970897587015185, 0.7224537349282774, 0.9679616708411699, 0.9638319514906326, 0.7556517120681002, 0.9005009130879564, 0.9081567054665519, 0.8022113423560677, 0.9571176517610908, 0.8955028465544548, 0.8663482442116855, 0.9514717418763707, 0.6316463426613137, 0.9645476404880862, 0.892693970291539, 0.9604650603528003]
[0.9755687794346385, 0.974256485406208, 0.9741358947464863, 0.9555265002637113, 0.9657188434790345, 0.8769963288959784, 0.9538694977439007, 0.8783348970084875, 0.913450613742407, 0.9214591048971443, 0.9548255719975713, 0.671703567466893, 0.9695589694485583, 0.9655485869951081, 0.8592289326302215, 0.8856248976697959, 0.8530919827154073, 0.901623746930671, 0.9610969338869864, 0.6971535589934873, 0.6859951039523642, 0.724748456789885, 0.7718400701958386, 0.938850683528423, 0.9171805398157578, 0.9620086420193951, 0.9523583016614177, 0.9260412358223413, 0.8917705949122336, 0.7845261033582643]
[0.9755687794346385, 0.974256485406208, 0.9741358947464863, 0.888043101317337, 0.8152683014539378, 0.7304074258582473, 0.9087807287090416, 0.9236743542422455, 0.9024118861403079, 0.609350643869946, 0.9483386917286183, 0.9066648164403369, 0.835245015964725, 0.684589593544948, 0.888404158805061, 0.9251807262087411, 0.9583156343436493, 0.9036682900991247, 0.6832732142351313, 0.8653734550399822, 0.857467730137658, 0.8253764885717091, 0.8491109303577139, 0.9524182714745291, 0.9299231951326863, 0.6584272463124714, 0.9335613452449507, 0.8253207378167948, 0.6186824531440207, 0.8929025527489782]
[0.9755687794346385, 0.974256485406208, 0.9741358947464863, 0.8653545616680665, 0.9616961318646676, 0.840847434526399, 0.9158502975599888, 0.8975074755592801, 0.6606718179718425, 0.8125305467323213, 0.9495599735484785, 0.8323692573392917, 0.9211342067761581, 0.8221511666196795, 0.9635267223492494, 0.9186415239707708, 0.7649250286155433, 0.8908923652464281, 0.9552271108687742, 0.8793413000463269, 0.851323281933043, 0.8905433624800289, 0.9257843854221993, 0.9609783510694413, 0.9705614547341316, 0.901509052936151, 0.9516618717130387, 0.915473744423687, 0.9313197847700312, 0.9721802370988382]
[0.9755687794346385, 0.974256485406208, 0.9741358947464863, 0.6641881909752901, 0.6605700934044725, 0.9336046631441115, 0.751087913246643, 0.9630628388813578, 0.9541226362686971, 0.8138295275828266, 0.9102052067818299, 0.9304313873636249, 0.9659152361205818, 0.9654748406336588, 0.9718334986803285, 0.8897639584256308, 0.9402189956418354, 0.9638775853336081, 0.8526267560406239, 0.8255765036738271, 0.9575016026475688, 0.8757210591685657, 0.6588017160540222, 0.9328031467635443, 0.9646279796664706, 0.8488165120382648, 0.9547244464569182, 0.9559644097777306, 0.9381946780151111, 0.6448011263427122]
[0.9755687794346385, 0.974256485406208, 0.9741358947464863, 0.9519420655404619, 0.9371877195152796, 0.7408415284423903, 0.9720797486542897, 0.2573115383534518, 0.9017232432157308, 0.9624664153152239, 0.8817678507314153, 0.953960250495955, 0.961604646839031, 0.935297823399536, 0.9014371797289561, 0.949074888587327, 0.9363431815121893, 0.9541151573178198, 0.9253251581808214, 0.9619441319145067, 0.8535370382720839, 0.9111737348678524, 0.9168013732717405, 0.8058005603492366, 0.8600224167581273, 0.9588473840273738, 0.8146296317605879, 0.8759814355463448, 0.9410292550767607, 0.9356099736696066]
[0.9755687794346385, 0.974256485406208, 0.9741358947464863, 0.9719892716666549, 0.9228290620901494, 0.9311867799615797, 0.7845577075052412, 0.8928736594579054, 0.9507064680764328, 0.8296257571318912, 0.9444001290078183, 0.8306157546939457, 0.6989483256987565, 0.7258145616222482, 0.8948805000473574, 0.7155242148153779, 0.8512275030826031, 0.6428738304434618, 0.901446268656385, 0.9690909953437115, 0.6849690299774601, 0.9171170816034886, 0.9131856233972612, 0.8902415320024568, 0.9159823171777448, 0.7559044220843841, 0.8847435879045403, 0.9087099810738837, 0.9561385900809638, 0.7554490473891659]
[0.9755687794346385, 0.974256485406208, 0.9741358947464863, 0.9500174557336608, 0.880200261432557, 0.9393062569005551, 0.8736787268927312, 0.9565346759932309, 0.8960961877566478, 0.9510087886709025, 0.9185121457589104, 0.9230482329104576, 0.8542760439188093, 0.8160679417727897, 0.9516183810727754, 0.9271840030347306, 0.659416910549324, 0.8770112330685731, 0.8184771510513734, 0.9218238898218056, 0.9199206967396295, 0.8211666318334778, 0.9671916191860473, 0.9607175197758775, 0.9577194684569731, 0.9266839341681468, 0.9282368948789521, 0.942434965423677, 0.8502154038098014, 0.922798891000402]
[0.9755687794346385, 0.974256485406208, 0.9741358947464863, 0.9588590693990701, 0.8650475683991665, 0.8951953340907516, 0.9193836895599127, 0.8519503074713619, 0.9155467611038539, 0.9401181966486419, 0.9489823774756437, 0.9535306891345777, 0.9408203116172534, 0.9405455394297825, 0.9348958484403058, 0.897452265174267, 0.9604652382650907, 0.7771775312102898, 0.9490608869893427, 0.925762206980578, 0.9469451242042815, 0.9555567598597314, 0.8361428723701162, 0.8026693270884324, 0.9384299309188318, 0.9678113464133206, 0.8742766331566922, 0.9173855771375155, 0.9456166020849383, 0.8260899902178419]
[0.9755687794346385, 0.974256485406208, 0.9741358947464863, 0.9316015764474174, 0.8043909871199741, 0.919224508485269, 0.9471972240030359, 0.771429231200319, 0.7896395733761074, 0.9099870501483835, 0.9276312978180897, 0.8546650457085996, 0.9404154225093281, 0.9323643221541583, 0.9611053740990496, 0.9506090176504945, 0.9174607458988713, 0.9313531260861707, 0.9609520165087125, 0.9088271539554369, 0.8871857378530722, 0.9043967616698563, 0.9012372042230556, 0.9463308180292895, 0.9126511401330257, 0.6183548258067862, 0.9562143840073043, 0.941890276198477, 0.9713096130428597, 0.902299200204646]
[0.9755687794346385, 0.974256485406208, 0.9741358947464863, 0.8987153879987053, 0.6757751381968513, 0.8696846048779594, 0.9359291010179396, 0.9240136338755195, 0.966537923889904, 0.9625604051184647, 0.8593384551899397, 0.9444054817532298, 0.9444285548758568, 0.961778853605127, 0.8772456959331968, 0.9340128091351758, 0.8054469126966588, 0.8517793013208488, 0.8702796466084047, 0.9117910755150598, 0.8871336728345023, 0.9208968012279237, 0.8318169155764367, 0.923376081896867, 0.9407381473295952, 0.9727799791885082, 0.8519084826169074, 0.937698367217165, 0.9469005531921357, 0.9194068667820924]
[0.9755687794346385, 0.974256485406208, 0.9741358947464863, 0.7748027615864469, 0.888827278486201, 0.9279599361029746, 0.8880385057006089, 0.9424102990163626, 0.9554135650514564, 0.9398258483203917, 0.9159218938933359, 0.7477851935071018, 0.9695073042719744, 0.8656187853301927, 0.9633903831083819, 0.660391994916031, 0.96489292761387, 0.9115871986184501, 0.7919530126053747, 0.9649218642746161, 0.8895945727375991, 0.805724841984894, 0.9459398242156979, 0.9584327341645414, 0.8513625684321274, 0.9016344389955744, 0.9273465879809341, 0.963657439391172, 0.851611094666757, 0.8778588220440801]
[0.9755687794346385, 0.974256485406208, 0.9741358947464863, 0.9587860785524938, 0.9087775737976679, 0.8263314262544064, 0.8647844497979932, 0.7484002825660419, 0.8689061088432263, 0.9617883141670048, 0.9241845091839006, 0.816155187575786, 0.9718261175533307, 0.9150934514057423, 0.8276515723528557, 0.9369382890795798, 0.876762449924273, 0.9569967984580972, 0.9522933783360392, 0.9433710446395854, 0.8439304093074589, 0.9600334632457223, 0.7128601464831434, 0.8214304298606334, 0.9436487020764851, 0.9628449621650162, 0.918440600028842, 0.969076783153418, 0.8926517903413466, 0.9573852001459499]
[0.9755687794346385, 0.974256485406208, 0.9741358947464863, 0.9388720512743965, 0.7980428721168318, 0.9327973936779379, 0.8364702312544834, 0.8696481378428425, 0.9600237207870417, 0.8712012692625236, 0.9557619130637895, 0.9544461679419242, 0.8385606793963554, 0.7198367940651225, 0.9338333164987672, 0.8889493345159797, 0.9029157291936343, 0.9280356350366592, 0.9348321753161503, 0.8515233202939688, 0.7143131061698372, 0.9041261895236281, 0.9435315788181483, 0.6298836520111784, 0.9002345909026981, 0.9109760190423877, 0.9284208496053566, 0.9185528458039255, 0.9613127934061722, 0.936134372828408]
[0.9755687794346385, 0.974256485406208, 0.9741358947464863, 0.9394179627475772, 0.9701870525880847, 0.907994030897902, 0.9330915501690009, 0.8774206839301651, 0.8076098342164304, 0.954438350152445, 0.90306213949461, 0.6947088540275822, 0.9674210119828173, 0.8938775043161834, 0.9090949429171741, 0.8702543037384364, 0.8316910270024225, 0.9323768268302202, 0.9460341072422457, 0.960014485479222, 0.9414491411900525, 0.9165849409991053, 0.856542492547894, 0.7945585108991957, 0.950381014190077, 0.9029840844672283, 0.9278396787630852, 0.7309428824238905, 0.9503104957165256, 0.9492319134262213]
[0.9755687794346385, 0.974256485406208, 0.9741358947464863, 0.9311623823641708, 0.9175399582000422, 0.7695904697191714, 0.7341752937979206, 0.9264296524431034, 0.964881920226598, 0.9282419245066688, 0.9546394254794549, 0.8509907559404221, 0.8622225471596802, 0.9332264596752533, 0.8105505619740723, 0.9360595028462602, 0.8316440856132044, 0.8798979293518162, 0.9540017134852765, 0.7459442744389342, 0.7214309083084055, 0.7127616803758559, 0.9414317339785313, 0.9690236915299936, 0.9306040491674069, 0.7674437309988756, 0.8511050081167714, 0.8885672736810518, 0.7768895472284119, 0.917494489161081]
[0.9755687794346385, 0.974256485406208, 0.9741358947464863, 0.9501350309052918, 0.8728367953823111, 0.618183582189297, 0.8962689691234198, 0.9609177355499976, 0.7123566157573358, 0.882484138202574, 0.8419416673117056, 0.91983940043461, 0.8251137046336735, 0.877066851440829, 0.8302194674258525, 0.6983366418606927, 0.9488303155147204, 0.8991525332214161, 0.7446983823085185, 0.9604257844456703, 0.9456532211896325, 0.8451139629012048, 0.952536142694676, 0.6632993079670649, 0.9025285402461335, 0.8950593458086837, 0.9294793438092831, 0.9477440283019806, 0.8864462859064042, 0.8687630503321832]
[0.9755687794346385, 0.974256485406208, 0.9741358947464863, 0.9100365106487198, 0.953164380159482, 0.9140609762719172, 0.927421909336587, 0.8919847959958528, 0.9284630743195402, 0.9739214796190357, 0.9128705506047349, 0.8483574710132112, 0.9101831341998411, 0.937371483396617, 0.8364184780079482, 0.9558869676289277, 0.9219483477497278, 0.9529462397070267, 0.9461067952362365, 0.7999107478095095, 0.9640928066847625, 0.9624612487529413, 0.9174109502581896, 0.8906789886054124, 0.959526757395602, 0.9532785792766364, 0.9633230754328823, 0.8817681331459369, 0.9149624194511163, 0.9626904451132506]
[0.9755687794346385, 0.974256485406208, 0.9741358947464863, 0.9325973518601397, 0.9078516613509093, 0.9427565438074433, 0.7977049131929113, 0.7483414194044018, 0.9634376313738521, 0.9369040094173394, 0.9415453293783681, 0.8168404383378545, 0.9385314269129129, 0.7687287830739384, 0.6159111211881368, 0.9353669769007859, 0.9680476719958231, 0.9697519451615496, 0.8304746245048754, 0.9657264384583211, 0.9479039043124062, 0.9669214409861623, 0.6980237174753662, 0.9655439283616556, 0.9484484956973777, 0.9465980914103802, 0.8380377555161708, 0.6740318457468372, 0.9398136368927383, 0.9295586426518946]
[0.9755687794346385, 0.974256485406208, 0.9741358947464863, 0.7784572606429788, 0.6165746419216535, 0.8652561908363265, 0.9232491856792843, 0.9183210592043255, 0.9067625444934142, 0.9391983292651263, 0.8737608683845485, 0.8631566864686792, 0.7707733221304286, 0.6478128420051156, 0.9220268551537858, 0.9719773275416017, 0.9200875578180279, 0.8821772594425357, 0.940713488707214, 0.9257821650534144, 0.9617653960253285, 0.9381790186956801, 0.9542476407243327, 0.839378674507455, 0.9377037698021201, 0.9677055172149918, 0.8963262527527521, 0.652127787294883, 0.9090797484593316, 0.9566020566585391]
[0.9755687794346385, 0.974256485406208, 0.9741358947464863, 0.9015372351364025, 0.8986226709273561, 0.9111938366436112, 0.7682612445879157, 0.9086348408028115, 0.9545764337768707, 0.9278223430554712, 0.942637234681047, 0.7083220576669078, 0.9495733476171362, 0.8028538663974149, 0.6569945168862217, 0.9678857887332737, 0.9335335113753349, 0.7950165835781122, 0.9342527208752123, 0.8612932076370581, 0.9608024504078786, 0.843244700770773, 0.9246940526377888, 0.8656574103185236, 0.9354152843565525, 0.876516836550374, 0.887446073431045, 0.9191619412035986, 0.940663972345992, 0.9427915419571464]
[0.9755687794346385, 0.974256485406208, 0.9741358947464863, 0.6680152891175793, 0.9353818416283458, 0.9493363179795987, 0.6539001339893706, 0.9185765619304731, 0.848881061812872, 0.9523560245185808, 0.9178373402814215, 0.663759482335692, 0.952617579094316, 0.9515612802462341, 0.6949507612485163, 0.92335103472437, 0.9308217966678878, 0.8773048537146396, 0.8088585518109479, 0.8073912747864569, 0.9322952175846356, 0.9635770064970511, 0.8268622059061335, 0.9056622130301816, 0.8948098712677277, 0.9314344704578298, 0.7785655846013392, 0.9546367637365277, 0.916897984396946, 0.9528427111449516]
[0.9755687794346385, 0.974256485406208, 0.9741358947464863, 0.8755852454258617, 0.9134974935541189, 0.6646864160523941, 0.9210959838247322, 0.9291651070459033, 0.8987578245854866, 0.8184574662231309, 0.8691920967655491, 0.8508635206837414, 0.6231803474964764, 0.8108963572109079, 0.6957062055929174, 0.8248961042614832, 0.9254929910163316, 0.9528135571835887, 0.9230013999395607, 0.885872048944458, 0.905426378893809, 0.9227380569562382, 0.9159363416907467, 0.8953836118243105, 0.9266353123365904, 0.8980837073877033, 0.9685422423076594, 0.6717563722578833, 0.9156678912118339, 0.8684164561699456]
[0.9755687794346385, 0.974256485406208, 0.9741358947464863, 0.9184047829741047, 0.9119815164542505, 0.9665204672780829, 0.9249429592470204, 0.9734693358632877, 0.7963879037678945, 0.9563470735208063, 0.9116987152812904, 0.8183470690699415, 0.9332824398775338, 0.9293233326864611, 0.964032695278978, 0.9059912513036514, 0.6294337180288162, 0.9381613779168837, 0.9281948139275621, 0.8166680116200989, 0.8654936799825944, 0.9442557361236953, 0.9265892752936319, 0.9209679020236229, 0.8823504584981792, 0.9178389923277347, 0.9151995016161295, 0.9051661503929583, 0.9331823617789783, 0.8712082433427787]
[0.9755687794346385, 0.974256485406208, 0.9741358947464863, 0.9205699121315291, 0.923430694045311, 0.8937822738129682, 0.8415395198371396, 0.9175184680371032, 0.9612735536545347, 0.951851073246044, 0.652944541522424, 0.9398397152940879, 0.8600208350494247, 0.9707233276808691, 0.9177360528059517, 0.903487698643269, 0.8979091750172078, 0.9230961398472829, 0.9364390334906801, 0.9640128554070063, 0.9567421907126974, 0.8611414088102829, 0.9129754346613171, 0.8016235694751372, 0.7829273483055088, 0.9502920116943507, 0.9741516050238386, 0.9635236714468409, 0.8827610087619372, 0.7889750165003175]
[0.9755687794346385, 0.974256485406208, 0.9741516050238386, 0.9083058198427776, 0.9579156662116541, 0.9572982158342495, 0.6439761708095367, 0.9169760200360062, 0.7009175506678837, 0.8808111445856421, 0.9301491446743134, 0.9553024917871761, 0.970478814197431, 0.7895204549401414, 0.8963145507084508, 0.9302614625221599, 0.7422966542623816, 0.9263476597963906, 0.8502255001648233, 0.8306926745832603, 0.7046192718083033, 0.9298440806290645, 0.9010955058640153, 0.8789310323149874, 0.9627576777340103, 0.9474849848025338, 0.9018581642799401, 0.9144773982030135, 0.9493745479384038, 0.948291217633398]
[0.9755687794346385, 0.974256485406208, 0.9741516050238386, 0.8571425074634922, 0.7398500785608442, 0.9712836482654201, 0.9549019641857802, 0.9408813354156486, 0.6757122041693705, 0.950709456648468, 0.8327438884795308, 0.9579622632083994, 0.905132944187538, 0.8901854527443347, 0.9650282833209967, 0.933595596583486, 0.9316921894293883, 0.8457687388551866, 0.9490822529313401, 0.9423438982603668, 0.9715503392243471, 0.9204016763977818, 0.912012926463681, 0.9437204498190673, 0.9556771149294144, 0.9383989214988752, 0.941823650505241, 0.8968804683125036, 0.9073305227326507, 0.8656346778917862]
[0.9755687794346385, 0.974256485406208, 0.9741516050238386, 0.8131283951301906, 0.8001209394683463, 0.8866882631310217, 0.9582940108948561, 0.6060992038210878, 0.9728463630986124, 0.9569375753212416, 0.9606363678771621, 0.8949762993041834, 0.8298392328298421, 0.922905488349863, 0.8265380391391036, 0.8556531562878325, 0.762998754159627, 0.6396236743678436, 0.8099362658489531, 0.966357873601021, 0.8621827154453199, 0.6767992197057453, 0.7886345790118121, 0.7587658962686696, 0.9596766195277537, 0.8899648340654412, 0.8301021756050965, 0.95072287839509, 0.7364376263313037, 0.44962029556596456]
