[[tensor([[[[-0.7366, -0.9155,  2.0769,  ...,  0.6253,  0.1294,  0.1234],
          [-1.7389, -0.5071,  0.7658,  ..., -0.2207,  0.7726, -0.6360],
          [-0.4277, -0.1123,  0.3823,  ...,  1.8584,  1.0269, -0.5218],
          ...,
          [ 0.2226,  0.0709, -1.8015,  ...,  0.2540, -1.6061,  0.0207],
          [ 0.0874,  0.4311, -0.5678,  ..., -0.3637,  0.7940,  0.7183],
          [-0.3394, -0.7569,  0.2640,  ..., -0.3345, -1.6314, -0.7844]],

         [[-0.8128,  1.0019, -1.4439,  ..., -1.5279, -1.0661,  2.6498],
          [-0.1935,  1.8210, -0.2031,  ..., -0.8099,  0.8234,  0.2185],
          [-0.2345,  0.1274,  1.6529,  ..., -1.8109, -0.1805, -0.1300],
          ...,
          [ 0.4926, -1.1401, -0.9976,  ...,  0.6618, -0.6824, -0.3028],
          [ 0.6376,  0.7152,  1.0369,  ...,  1.4137, -0.2113, -0.5091],
          [-0.2118,  0.5827,  1.8653,  ..., -0.0488,  1.6894, -1.1748]],

         [[ 1.4435, -0.4246, -0.0617,  ..., -0.3277, -0.4408, -1.6548],
          [-0.8638,  1.6011, -0.1360,  ...,  0.5007,  0.5769,  0.3028],
          [ 1.1975, -1.2017,  0.6520,  ...,  0.0911,  0.8033, -1.9557],
          ...,
          [ 0.8112, -0.5243,  0.3981,  ..., -0.2618,  0.1879,  1.0453],
          [-0.3210, -0.5399, -0.1859,  ..., -1.2708,  0.2520, -2.1297],
          [-0.8308,  1.9519, -0.9226,  ...,  0.2771,  0.3222, -0.5078]],

         [[ 0.9953, -0.7732, -1.2172,  ..., -0.1040,  0.5502, -0.6592],
          [ 0.9879,  0.8727,  0.2257,  ..., -0.8178,  0.2317,  1.6653],
          [ 0.0088, -0.7498, -0.5239,  ..., -0.2686, -0.5494, -0.1126],
          ...,
          [ 0.6613, -0.7648,  0.6094,  ..., -0.3131, -0.2210, -1.2938],
          [-1.0822,  1.4600, -0.7992,  ..., -0.1099,  0.3509, -0.6741],
          [ 0.7833,  0.8742,  0.5478,  ..., -0.9522, -0.5679, -0.9221]]]],
       device='cuda:0'), tensor([[[-0.3884,  0.0229, -0.0522,  ..., -0.4899, -0.3066,  0.0675],
         [ 0.2252, -0.5921,  0.7880,  ..., -1.2735,  1.1839,  0.9958],
         [ 0.1834,  0.7285, -0.4001,  ..., -0.9857, -0.2061, -0.2531],
         ...,
         [ 0.5160,  0.4960,  0.0577,  ..., -0.4890,  0.3973, -0.2256],
         [ 0.5151,  0.4955,  0.0505,  ..., -0.4960,  0.3895, -0.2232],
         [ 0.5650,  0.5072,  0.1178,  ..., -0.4891,  0.3994, -0.2480]]],
       device='cuda:0')], [tensor([[[[-9.0686e-01,  2.0151e+00,  4.5121e-01,  ..., -1.1909e+00,
            7.3917e-02, -1.8213e-02],
          [-7.9350e-01, -1.5631e+00, -1.9759e-01,  ...,  4.0893e-01,
           -1.2824e+00,  2.2217e-01],
          [-2.1009e+00,  9.6110e-01,  3.6708e-01,  ..., -1.7682e-01,
            1.1507e+00,  1.7511e+00],
          ...,
          [-2.1773e+00, -8.2961e-01, -1.1867e+00,  ..., -1.1045e+00,
            5.6525e-02, -8.4093e-01],
          [-2.4015e+00, -1.9420e+00, -1.6985e+00,  ..., -3.4485e-01,
            1.7323e+00,  4.0613e-01],
          [-9.1101e-01,  1.0690e+00,  7.6168e-01,  ..., -1.8191e-02,
           -2.8488e-01, -1.8593e-01]],

         [[-1.4597e+00, -2.9310e-01,  5.9745e-01,  ..., -1.6497e-01,
           -4.9799e-01, -6.9798e-02],
          [ 9.7634e-03,  1.3228e+00,  1.2632e+00,  ...,  4.9348e-01,
            9.4523e-01,  5.6581e-01],
          [-1.3450e+00, -1.0510e-01, -1.0418e+00,  ...,  1.1833e+00,
            1.1167e+00, -2.4504e+00],
          ...,
          [ 1.5114e-01,  2.8839e-01,  4.2317e-01,  ...,  1.6595e+00,
            1.1334e+00, -4.1307e-01],
          [-7.5684e-01,  1.7509e+00, -2.2988e-02,  ..., -7.9942e-01,
           -5.6328e-02, -8.4471e-01],
          [ 1.3363e+00,  9.8640e-01, -9.5869e-01,  ...,  2.2266e+00,
            7.6811e-01,  1.0611e+00]],

         [[ 7.1945e-01, -1.5792e+00, -8.4819e-01,  ...,  2.4276e-01,
            1.3661e+00,  3.6230e-01],
          [-7.0543e-02,  5.5891e-01, -2.8446e-01,  ..., -6.2045e-02,
           -8.1959e-02,  8.1338e-01],
          [-2.5883e-01, -1.0148e+00,  8.4680e-01,  ..., -9.1717e-01,
           -1.4182e+00, -5.8774e-01],
          ...,
          [-2.4622e+00, -1.0816e+00,  1.5126e+00,  ..., -1.8782e-01,
            1.1186e+00,  2.3372e+00],
          [ 2.7110e-01, -1.7447e+00, -8.6741e-01,  ...,  9.1993e-02,
            1.5252e+00,  1.2206e+00],
          [ 2.7468e-01,  7.5791e-05, -1.2394e+00,  ...,  7.2719e-01,
           -8.7318e-01, -1.5922e+00]],

         [[-2.0433e-01, -7.6946e-01,  1.1957e+00,  ...,  2.4446e-01,
           -5.4638e-01, -1.1941e+00],
          [ 1.3568e+00,  7.9399e-01,  6.6147e-01,  ..., -8.1533e-01,
            4.9285e-01,  2.1905e+00],
          [ 1.4552e+00, -1.0235e+00, -4.4626e-01,  ..., -2.3417e-01,
            1.3908e+00, -2.5859e-01],
          ...,
          [-2.9527e-01, -1.2576e+00, -1.5396e+00,  ..., -2.1904e+00,
           -1.0033e+00, -1.2878e+00],
          [ 1.0798e+00, -1.1168e+00, -2.4580e-01,  ...,  1.3218e+00,
           -6.2037e-01,  8.2707e-01],
          [ 1.4011e+00, -1.1384e+00,  9.7416e-01,  ...,  8.0321e-01,
           -1.6318e+00, -3.8221e-01]]]], device='cuda:0'), tensor([[[-0.3884,  0.0229, -0.0522,  ..., -0.4899, -0.3066,  0.0675],
         [ 0.2252, -0.5921,  0.7880,  ..., -1.2735,  1.1839,  0.9958],
         [ 0.1834,  0.7285, -0.4001,  ..., -0.9857, -0.2061, -0.2531],
         ...,
         [ 0.5160,  0.4960,  0.0577,  ..., -0.4890,  0.3973, -0.2256],
         [ 0.5151,  0.4955,  0.0505,  ..., -0.4960,  0.3895, -0.2232],
         [ 0.5650,  0.5072,  0.1178,  ..., -0.4891,  0.3994, -0.2480]]],
       device='cuda:0')], [tensor([[[[ 0.2396,  2.0135,  2.0096,  ..., -0.1202,  0.1389, -0.4791],
          [-0.0819,  0.3043, -1.8856,  ..., -0.2222, -1.8847,  0.5710],
          [ 1.2520, -0.9534,  0.2594,  ..., -0.5846,  0.3629, -0.1843],
          ...,
          [ 0.7006,  0.9912,  2.0561,  ...,  1.3516,  0.0208, -0.2079],
          [-0.3058,  1.1680, -1.2608,  ..., -0.5624,  1.5305, -0.3562],
          [-1.3678, -0.3357, -0.5600,  ..., -2.0629,  1.4296, -2.4370]],

         [[ 0.1822,  0.4340, -0.2818,  ..., -0.6446, -0.9140, -0.9558],
          [-0.8568,  0.3050, -0.5850,  ..., -0.1292,  1.0030,  0.8641],
          [-2.2488, -1.1481,  1.1012,  ...,  2.1015,  1.6424,  0.5702],
          ...,
          [-1.5325, -1.0250, -1.0495,  ..., -1.1145,  1.3502,  0.3915],
          [ 1.0411, -0.4788,  0.5415,  ...,  0.9232, -0.8340,  1.1845],
          [ 1.5471,  0.4803,  0.0187,  ...,  0.0777,  0.4274, -1.5231]],

         [[ 0.8775,  0.6158, -0.1480,  ...,  0.5045,  0.6590,  0.5779],
          [-1.9932, -0.2548, -1.8834,  ...,  0.8481, -0.5009,  0.3215],
          [-1.0254,  1.0697,  3.0639,  ..., -0.3313, -1.0104,  0.1936],
          ...,
          [-1.1437, -0.5706,  0.6243,  ..., -1.2373, -0.7257, -0.5747],
          [-0.2785,  2.2871, -1.1885,  ...,  0.5681, -1.2412,  0.1606],
          [ 0.2024, -0.1871,  0.0919,  ...,  0.6219,  0.5373,  0.4162]],

         [[-0.7009,  0.7778, -0.0841,  ..., -0.0469,  0.0662, -1.4155],
          [-0.3240,  0.0241,  0.9612,  ..., -0.3045,  1.2530, -0.0141],
          [-0.0863, -0.9040,  0.3277,  ..., -0.4095,  0.0592,  1.2575],
          ...,
          [-0.3941,  0.3052,  0.4949,  ..., -1.2763, -0.7706, -3.1546],
          [ 1.0053, -1.0545,  0.5926,  ..., -0.3429,  1.1810, -0.1286],
          [-0.3558,  0.5763,  1.3564,  ...,  0.5981, -1.4395,  0.5418]]]],
       device='cuda:0'), tensor([[[-0.3884,  0.0229, -0.0522,  ..., -0.4899, -0.3066,  0.0675],
         [ 0.2252, -0.5921,  0.7880,  ..., -1.2735,  1.1839,  0.9958],
         [ 0.1834,  0.7285, -0.4001,  ..., -0.9857, -0.2061, -0.2531],
         ...,
         [ 0.5160,  0.4960,  0.0577,  ..., -0.4890,  0.3973, -0.2256],
         [ 0.5151,  0.4955,  0.0505,  ..., -0.4960,  0.3895, -0.2232],
         [ 0.5650,  0.5072,  0.1178,  ..., -0.4891,  0.3994, -0.2480]]],
       device='cuda:0')], [tensor([[[[-0.9414,  1.2632, -0.1838,  ..., -0.1941,  0.0048, -1.3165],
          [ 0.0204, -0.1652,  0.2109,  ...,  0.6718,  0.3122, -1.6153],
          [ 0.8636, -1.5300,  0.5375,  ...,  0.9822,  0.2489, -0.7564],
          ...,
          [ 0.5019, -0.0795,  0.4038,  ..., -1.3912, -0.4404,  0.1901],
          [ 0.8695,  1.3413,  1.3492,  ..., -0.6308, -0.5740, -0.0187],
          [-0.0469, -1.0519,  1.2225,  ..., -0.6108, -0.5456,  1.3398]],

         [[ 0.2241,  0.6589, -0.1305,  ...,  1.2791,  0.7994,  0.4060],
          [-0.1020,  1.0578, -1.4910,  ...,  2.4362,  0.0518,  1.1149],
          [-0.7180,  2.0740, -0.4155,  ..., -0.4863, -0.6075,  0.8463],
          ...,
          [ 0.5157,  0.5130,  1.6223,  ...,  0.7274,  0.5093,  0.2651],
          [-0.2812,  1.1508, -1.1037,  ...,  2.2023,  0.3705, -1.1457],
          [-0.5798, -0.3808, -0.1905,  ...,  0.9750, -0.9072, -1.7758]],

         [[ 0.2639, -2.0324, -0.1376,  ...,  0.7288,  0.8975, -0.5111],
          [-1.2360,  0.0787,  0.6153,  ..., -0.3245, -1.1340, -0.7497],
          [ 0.3789, -0.1807,  0.2929,  ..., -0.6701, -1.2954, -0.2033],
          ...,
          [ 0.1382, -0.5491, -0.3848,  ...,  0.6050,  0.6410,  0.6613],
          [-0.0768, -0.0878, -0.6896,  ..., -0.1948,  0.9082,  1.0630],
          [-0.0829, -0.2060, -0.6559,  ...,  1.5519,  0.2556,  0.5271]],

         [[-0.1178,  0.2343,  1.5027,  ..., -0.7509,  0.2168,  0.6566],
          [-0.1202,  0.2328, -1.3606,  ..., -0.8904, -1.1692, -0.2526],
          [ 0.1800,  1.1105, -0.8057,  ..., -1.3214,  0.3850, -0.4846],
          ...,
          [-1.8464,  0.2691, -0.6642,  ...,  0.4691,  0.0102,  0.9927],
          [-2.1861, -1.2766, -0.6531,  ..., -0.9741, -0.3111,  0.4209],
          [ 0.4413, -1.0695,  1.2381,  ...,  0.1323, -1.5824,  0.4806]]]],
       device='cuda:0'), tensor([[[-0.3884,  0.0229, -0.0522,  ..., -0.4899, -0.3066,  0.0675],
         [ 0.2252, -0.5921,  0.7880,  ..., -1.2735,  1.1839,  0.9958],
         [ 0.1834,  0.7285, -0.4001,  ..., -0.9857, -0.2061, -0.2531],
         ...,
         [ 0.5160,  0.4960,  0.0577,  ..., -0.4890,  0.3973, -0.2256],
         [ 0.5151,  0.4955,  0.0505,  ..., -0.4960,  0.3895, -0.2232],
         [ 0.5650,  0.5072,  0.1178,  ..., -0.4891,  0.3994, -0.2480]]],
       device='cuda:0')], [tensor([[[[-7.6746e-02, -1.1224e+00, -1.3183e-01,  ..., -1.3571e-01,
            9.2900e-01, -4.8237e-01],
          [-6.4969e-01,  1.0499e+00,  1.2904e-01,  ...,  9.4996e-01,
            8.3162e-01,  5.1393e-01],
          [ 1.2570e+00,  1.2288e+00, -1.4057e+00,  ..., -1.0157e+00,
           -1.4803e+00, -2.1050e-01],
          ...,
          [ 3.0776e-01,  5.8348e-01,  1.3782e-01,  ..., -1.1167e+00,
            8.6452e-01, -2.5376e-02],
          [-1.8611e+00,  1.2229e+00,  3.3716e-01,  ...,  5.5358e-01,
            1.0481e+00, -1.3091e+00],
          [-6.1994e-01, -3.9416e-02, -5.5793e-01,  ...,  2.7087e-01,
            7.6879e-01,  1.0621e+00]],

         [[ 8.0197e-02,  2.2267e-01, -3.1892e-01,  ...,  5.5662e-01,
           -1.0057e+00,  1.7524e+00],
          [-8.7909e-01,  1.3513e+00, -1.9783e-01,  ...,  1.2095e+00,
            3.9613e-01, -4.0514e-01],
          [-2.8751e-01,  3.0509e+00,  7.9759e-01,  ...,  7.6462e-01,
            5.6729e-01, -2.3049e+00],
          ...,
          [ 9.5012e-02,  9.0349e-01, -3.4181e-01,  ...,  9.5195e-01,
            5.3054e-01,  1.2458e-01],
          [ 7.2330e-01,  8.8427e-01, -4.5217e-02,  ...,  2.0416e+00,
            8.2194e-01, -5.2820e-02],
          [-7.2407e-02,  2.2393e-01, -9.6030e-01,  ..., -1.6158e+00,
           -1.0396e+00, -7.2302e-01]],

         [[ 4.4324e-01,  1.5148e+00,  7.6888e-01,  ..., -1.2798e+00,
           -2.8601e-01,  1.7546e-01],
          [ 1.2046e+00, -7.9421e-01,  7.9803e-01,  ..., -4.9049e-01,
            7.0805e-02, -1.4296e+00],
          [-4.9848e-01, -2.0965e-01,  6.4973e-01,  ..., -3.0276e-01,
            1.1322e+00,  9.1057e-01],
          ...,
          [ 1.6014e+00, -9.2364e-01, -7.2750e-01,  ...,  1.1063e+00,
           -1.3624e+00, -2.9455e-01],
          [ 7.7574e-01,  1.2661e+00, -1.4761e-01,  ...,  9.4307e-01,
           -1.0466e+00, -7.0446e-01],
          [-8.4928e-01,  3.6264e-01,  1.9695e+00,  ...,  1.0866e-01,
           -2.0225e-01, -5.4499e-01]],

         [[-1.5980e-01, -1.7677e+00,  2.9630e-01,  ...,  9.8482e-01,
           -9.9128e-01, -9.2855e-01],
          [-1.9155e-01,  1.2068e+00, -2.4293e-03,  ...,  3.7748e-01,
            1.3281e+00, -8.6909e-02],
          [ 1.3770e+00,  2.1531e-01, -1.4611e-01,  ...,  2.9797e-01,
            9.1248e-02,  5.6609e-01],
          ...,
          [ 7.6785e-01,  3.0189e-01, -9.6855e-01,  ...,  1.5526e-01,
           -1.9976e+00,  1.8895e-01],
          [-8.6011e-01,  3.7493e-01,  4.2714e-01,  ...,  2.8364e-01,
            8.9926e-01,  7.4596e-01],
          [ 1.3298e+00,  1.6607e-01, -2.0326e+00,  ...,  4.5253e-01,
           -6.1872e-01,  1.2176e+00]]]], device='cuda:0'), tensor([[[-0.3884,  0.0229, -0.0522,  ..., -0.4899, -0.3066,  0.0675],
         [ 0.2252, -0.5921,  0.7880,  ..., -1.2735,  1.1839,  0.9958],
         [ 0.1834,  0.7285, -0.4001,  ..., -0.9857, -0.2061, -0.2531],
         ...,
         [ 0.5160,  0.4960,  0.0577,  ..., -0.4890,  0.3973, -0.2256],
         [ 0.5151,  0.4955,  0.0505,  ..., -0.4960,  0.3895, -0.2232],
         [ 0.5650,  0.5072,  0.1178,  ..., -0.4891,  0.3994, -0.2480]]],
       device='cuda:0')], [tensor([[[[ 1.8804,  0.1397, -0.4710,  ..., -0.4765, -1.4046, -0.0453],
          [ 1.3951, -0.6122,  0.6589,  ..., -0.5898, -0.3796, -0.4461],
          [ 0.0783,  1.0449,  1.1728,  ..., -1.9631, -0.6410,  0.5696],
          ...,
          [ 1.2720,  0.5586,  1.1586,  ...,  0.3154, -1.3868,  1.7058],
          [-1.1127,  0.0905, -1.1751,  ..., -2.4895, -0.0376,  1.5818],
          [ 1.2527, -2.6284,  0.2688,  ..., -0.0360, -1.0472,  0.4417]],

         [[-0.9458,  0.6839, -0.0281,  ..., -1.0757,  0.7745,  0.3127],
          [-0.1219, -0.8289, -1.4171,  ...,  0.1684, -0.6698,  1.0481],
          [ 0.1726, -0.7693, -2.2447,  ..., -0.2601, -0.3963,  1.0826],
          ...,
          [-0.5345,  0.9553,  0.2777,  ..., -0.3881,  0.9469,  0.1473],
          [-1.3016, -1.3739,  0.1209,  ...,  0.4318, -0.4965,  1.4615],
          [ 0.3439,  0.0558, -0.9272,  ..., -0.4637, -0.3323, -1.1509]],

         [[ 0.3825, -0.3547,  0.3649,  ...,  0.9274,  0.5611,  0.1921],
          [ 0.3831,  0.6026, -0.4297,  ..., -0.5169, -1.5744,  0.0225],
          [ 0.7929,  0.6518,  1.3581,  ..., -0.0931, -0.1167,  0.5306],
          ...,
          [ 1.9601,  0.2545, -0.1285,  ..., -0.0289,  1.2850, -1.0184],
          [-0.4121,  0.2368, -1.7599,  ..., -0.2875, -0.4179, -0.8493],
          [-0.0422, -0.0864,  1.9179,  ...,  0.7928, -0.2107,  0.2094]],

         [[ 0.7074, -0.4935, -1.2401,  ...,  2.3107, -0.1805, -0.0715],
          [ 0.5574,  0.6761,  0.3459,  ..., -0.6158, -0.1118, -0.1005],
          [ 0.4053, -0.0663, -0.3754,  ..., -0.9066,  0.7737, -0.3841],
          ...,
          [ 1.7010,  0.1176, -0.0227,  ..., -0.3220,  0.7175,  0.0732],
          [-0.5362,  0.3408,  0.3782,  ...,  1.0819,  0.0858,  0.0423],
          [ 0.7652, -0.8594,  0.2147,  ..., -1.1869,  0.6308,  0.5580]]]],
       device='cuda:0'), tensor([[[-0.3884,  0.0229, -0.0522,  ..., -0.4899, -0.3066,  0.0675],
         [ 0.2252, -0.5921,  0.7880,  ..., -1.2735,  1.1839,  0.9958],
         [ 0.1834,  0.7285, -0.4001,  ..., -0.9857, -0.2061, -0.2531],
         ...,
         [ 0.5160,  0.4960,  0.0577,  ..., -0.4890,  0.3973, -0.2256],
         [ 0.5151,  0.4955,  0.0505,  ..., -0.4960,  0.3895, -0.2232],
         [ 0.5650,  0.5072,  0.1178,  ..., -0.4891,  0.3994, -0.2480]]],
       device='cuda:0')], [tensor([[[[ 0.8745, -1.0010,  0.2331,  ...,  0.8065,  1.1567,  0.0101],
          [-0.3318,  2.2387, -1.4002,  ...,  0.4210, -1.1945, -0.1256],
          [ 0.3359,  1.4066, -0.9875,  ...,  0.5115,  1.4576, -0.2522],
          ...,
          [ 0.1675, -0.7742, -0.7666,  ...,  2.4889, -0.2115,  0.9803],
          [ 0.6597, -1.2881,  0.0248,  ...,  2.3198, -0.9277, -0.0140],
          [-1.1081, -0.2978, -0.0891,  ..., -0.7645,  0.2223,  1.0074]],

         [[-1.5864, -0.0986,  0.6970,  ...,  0.4947, -0.5228, -0.6907],
          [ 1.1202,  0.5026,  1.6132,  ...,  0.6467, -0.8529,  0.2006],
          [ 0.7832,  0.2928, -0.2182,  ..., -0.9746,  0.4129, -0.2514],
          ...,
          [ 0.6595, -0.2429,  0.4302,  ...,  0.4755,  0.6235,  1.0210],
          [-1.2625,  0.1188, -0.2095,  ..., -1.0283,  0.3993, -0.0049],
          [ 1.6313, -2.7048, -0.1145,  ..., -2.1230, -0.0516,  0.5621]],

         [[-0.0371, -1.1518,  0.9852,  ..., -0.3744,  1.6183, -0.2957],
          [-0.7075, -0.9390, -0.7143,  ...,  0.2375, -0.7564, -0.4654],
          [-0.3441, -0.7044, -0.5819,  ...,  1.9016,  2.6320, -0.5842],
          ...,
          [-0.0871,  0.0839, -0.1023,  ..., -0.4922,  0.0515,  0.0452],
          [ 2.0620, -0.6283,  0.7330,  ..., -1.7590, -1.4724,  0.9399],
          [ 1.1639,  0.8164, -1.6008,  ...,  0.5755, -0.6967, -1.5150]],

         [[ 0.4167, -0.6247, -1.0071,  ..., -0.7051, -1.9758, -0.6505],
          [ 0.6506,  0.5682, -2.1706,  ..., -0.0106,  0.7035, -1.1613],
          [ 0.1137,  0.8019,  1.0547,  ...,  1.3190,  0.2706, -1.7161],
          ...,
          [ 2.2596,  0.5254, -0.4887,  ...,  0.4907,  1.6759,  1.7894],
          [ 0.3882, -0.8005,  0.5897,  ...,  0.8793,  1.0638, -0.5730],
          [ 0.9063, -0.0379,  0.4904,  ..., -0.0238,  1.5081, -1.0096]]]],
       device='cuda:0'), tensor([[[-0.3884,  0.0229, -0.0522,  ..., -0.4899, -0.3066,  0.0675],
         [ 0.2252, -0.5921,  0.7880,  ..., -1.2735,  1.1839,  0.9958],
         [ 0.1834,  0.7285, -0.4001,  ..., -0.9857, -0.2061, -0.2531],
         ...,
         [ 0.5160,  0.4960,  0.0577,  ..., -0.4890,  0.3973, -0.2256],
         [ 0.5151,  0.4955,  0.0505,  ..., -0.4960,  0.3895, -0.2232],
         [ 0.5650,  0.5072,  0.1178,  ..., -0.4891,  0.3994, -0.2480]]],
       device='cuda:0')], [tensor([[[[ 2.1317,  0.5667,  0.8417,  ..., -0.4873,  1.2615,  1.0510],
          [-0.3599, -0.9959,  0.1766,  ..., -1.9691, -1.4800,  0.3963],
          [ 0.4700, -0.6909, -1.0814,  ..., -0.4450,  0.8937, -0.9306],
          ...,
          [ 1.3655, -0.4518,  0.3983,  ..., -0.9637,  1.3732, -0.9905],
          [ 1.5154,  0.4073, -0.1457,  ...,  1.2513, -0.6288, -0.0542],
          [ 2.2341,  0.7207, -0.9999,  ...,  0.0257, -1.0680,  0.8996]],

         [[ 1.6745,  0.8093, -0.9725,  ..., -0.0841, -2.0514, -0.7428],
          [-0.6562,  1.5137, -0.5287,  ...,  0.9131, -0.4940, -0.5345],
          [-1.3334,  1.0992, -0.8776,  ...,  0.5015, -0.3049,  1.2337],
          ...,
          [ 0.1476,  0.4637, -0.0767,  ...,  0.1046, -0.6007, -0.8342],
          [-0.0826,  0.5258, -0.9988,  ..., -0.3004,  0.4312, -0.6361],
          [-1.0203,  0.5465, -0.8732,  ..., -1.0587, -0.7676,  1.0734]],

         [[-1.3954, -1.1561,  0.3210,  ..., -1.9340, -1.0654,  0.1038],
          [ 0.2513,  0.6788, -0.5458,  ...,  2.7190, -1.6930, -0.2931],
          [ 1.3763,  0.4105, -1.4052,  ...,  1.5759, -0.3159,  1.2086],
          ...,
          [ 1.4317,  0.5416,  0.3314,  ...,  0.3825, -0.1897, -0.0494],
          [-0.7807, -0.4463, -0.4120,  ...,  0.2315, -0.1964,  0.7953],
          [ 1.0730, -0.3459, -0.4776,  ..., -0.2899, -0.1464,  0.2779]],

         [[-0.3475,  0.6027,  1.6745,  ...,  1.1517,  1.5101,  0.9915],
          [-0.4611, -0.6974, -1.2960,  ...,  0.7550,  0.9714,  0.9317],
          [ 0.4990, -0.8229,  0.3929,  ..., -0.8387, -1.1529,  1.2713],
          ...,
          [ 1.0456, -0.0615, -1.1636,  ..., -1.2375,  0.6088,  1.5303],
          [-0.3606,  0.2630,  0.9694,  ...,  0.1759,  0.9051,  0.2781],
          [-0.8771,  0.6659, -1.5897,  ...,  0.5419, -0.6220, -0.2871]]]],
       device='cuda:0'), tensor([[[-0.3884,  0.0229, -0.0522,  ..., -0.4899, -0.3066,  0.0675],
         [ 0.2252, -0.5921,  0.7880,  ..., -1.2735,  1.1839,  0.9958],
         [ 0.1834,  0.7285, -0.4001,  ..., -0.9857, -0.2061, -0.2531],
         ...,
         [ 0.5160,  0.4960,  0.0577,  ..., -0.4890,  0.3973, -0.2256],
         [ 0.5151,  0.4955,  0.0505,  ..., -0.4960,  0.3895, -0.2232],
         [ 0.5650,  0.5072,  0.1178,  ..., -0.4891,  0.3994, -0.2480]]],
       device='cuda:0')], [tensor([[[[-2.1667, -1.0284, -0.3112,  ...,  0.8440,  0.4139, -1.3559],
          [ 0.5461,  0.5055, -1.4257,  ...,  0.6213,  0.4599, -0.1656],
          [-0.1111, -1.1905, -1.0991,  ...,  0.0750,  0.3222,  0.2924],
          ...,
          [ 0.1210, -0.7083,  0.5654,  ..., -1.7356, -0.9698, -0.3623],
          [-1.4469, -0.3182, -0.7414,  ...,  0.6370,  0.0943,  1.3546],
          [-0.2296,  0.8466,  1.5785,  ..., -0.7544,  0.7358, -0.9305]],

         [[-1.5474, -0.7374, -1.5188,  ...,  0.8724, -0.1290, -0.9546],
          [ 0.2933,  0.7537, -0.9481,  ..., -0.1823, -0.0378,  1.3961],
          [-0.3168, -0.1596, -0.6667,  ...,  0.5045,  0.9370, -0.0057],
          ...,
          [-2.2465,  0.0825,  1.2438,  ..., -0.6433,  0.2127, -0.6694],
          [ 1.9218,  0.8048,  0.2925,  ..., -1.1616, -0.3628, -0.5063],
          [-0.1879, -0.1531,  0.4703,  ..., -1.0508, -1.7051,  0.4211]],

         [[ 0.6890, -1.1687, -0.1948,  ...,  0.1162, -0.0328,  1.0769],
          [ 0.1267, -0.5726,  1.1980,  ...,  0.0696, -1.2609, -0.2301],
          [-1.3152,  0.0168,  0.9313,  ..., -1.4456, -1.3020, -1.1140],
          ...,
          [-0.9083, -2.0314, -0.3498,  ..., -0.9571, -0.6538,  0.9484],
          [ 0.2389, -0.3676,  1.5399,  ...,  0.2338,  0.4305, -0.2181],
          [ 0.1671,  1.8568,  0.6599,  ..., -0.0982,  1.2995, -0.1155]],

         [[ 0.7388,  1.6235, -1.7044,  ...,  0.5205, -0.7121,  1.2995],
          [ 0.9074, -0.6987, -0.7967,  ...,  1.3748, -2.3106, -0.3457],
          [ 0.8403,  1.1769,  1.1954,  ..., -0.6853, -2.4785, -0.1370],
          ...,
          [-0.8533, -0.8714, -0.3065,  ..., -1.0000,  0.6887, -2.0980],
          [-0.3336, -1.2108,  1.5728,  ...,  0.4221, -0.3689,  0.1188],
          [ 0.1061, -1.2618, -0.2965,  ...,  0.3032,  0.5064,  1.2126]]]],
       device='cuda:0'), tensor([[[-0.3884,  0.0229, -0.0522,  ..., -0.4899, -0.3066,  0.0675],
         [ 0.2252, -0.5921,  0.7880,  ..., -1.2735,  1.1839,  0.9958],
         [ 0.1834,  0.7285, -0.4001,  ..., -0.9857, -0.2061, -0.2531],
         ...,
         [ 0.5160,  0.4960,  0.0577,  ..., -0.4890,  0.3973, -0.2256],
         [ 0.5151,  0.4955,  0.0505,  ..., -0.4960,  0.3895, -0.2232],
         [ 0.5650,  0.5072,  0.1178,  ..., -0.4891,  0.3994, -0.2480]]],
       device='cuda:0')]]
