[[tensor([[[[-2.8124, -0.3515,  0.6817,  ...,  0.6867,  1.1330,  1.2407],
          [ 0.0597,  1.4944,  1.8524,  ..., -2.0060,  0.0141,  1.4692],
          [ 1.5256, -0.4023, -0.6015,  ...,  0.1661,  0.0899, -1.5465],
          ...,
          [ 0.0741,  1.7276,  0.2071,  ...,  0.2010,  1.5778,  1.2417],
          [-0.2354, -0.6382, -0.4357,  ..., -0.2556, -0.6616, -0.4510],
          [-1.0436,  1.1293, -0.4235,  ..., -0.3542, -0.2576,  0.1377]],

         [[ 0.2186, -0.0611,  1.6109,  ..., -0.6634,  0.3647, -0.7161],
          [ 0.1067, -0.3651,  1.4046,  ...,  1.5417, -0.6468, -1.8364],
          [ 1.2564,  0.2624,  0.4325,  ...,  0.8680,  0.7656,  0.4839],
          ...,
          [ 0.7735, -0.9056, -0.6055,  ...,  0.6086,  1.2718,  0.9226],
          [-0.0771, -0.4325,  0.9270,  ..., -0.5776,  0.2290,  1.7376],
          [ 0.4063,  1.6165, -1.5976,  ...,  2.0619, -0.6385, -0.7456]],

         [[-0.5942, -0.6194, -1.3157,  ...,  1.3038, -0.3655,  0.1133],
          [-1.0361, -0.5556,  0.4168,  ...,  0.3680, -0.3937,  0.9076],
          [-0.3120,  1.2158,  0.1802,  ..., -0.3618, -0.1849, -1.0605],
          ...,
          [-0.4775,  1.9325, -2.1249,  ..., -1.3247,  0.6731,  0.0993],
          [-0.2125,  0.1324,  1.6593,  ...,  1.1332, -0.8014,  0.9077],
          [ 0.9417,  0.1758,  0.5840,  ...,  0.8411,  1.0686, -1.0657]],

         [[ 0.8596,  0.1914,  0.3398,  ..., -0.0365,  1.6879, -0.7803],
          [ 0.6079, -2.0853, -0.3017,  ..., -0.8588,  0.5119, -1.0222],
          [ 0.7886,  0.9735,  0.5435,  ..., -0.1428,  1.7394, -0.1990],
          ...,
          [-0.7154,  0.5472,  1.1138,  ...,  1.7767, -0.0696, -1.0117],
          [-2.6076, -1.3718,  1.8801,  ..., -0.4191,  0.6100,  0.9271],
          [-1.8688, -0.3648, -0.8246,  ..., -0.4988,  0.2063,  0.0479]]]],
       device='cuda:0'), tensor([[[-0.3884,  0.0229, -0.0522,  ..., -0.4899, -0.3066,  0.0675],
         [ 0.2252, -0.5921,  0.7880,  ..., -1.2735,  1.1839,  0.9958],
         [ 0.1834,  0.7285, -0.4001,  ..., -0.9857, -0.2061, -0.2531],
         ...,
         [ 0.5160,  0.4960,  0.0577,  ..., -0.4890,  0.3973, -0.2256],
         [ 0.5151,  0.4955,  0.0505,  ..., -0.4960,  0.3895, -0.2232],
         [ 0.5650,  0.5072,  0.1178,  ..., -0.4891,  0.3994, -0.2480]]],
       device='cuda:0')], [tensor([[[[-8.2325e-01,  1.5289e-01,  9.1362e-01,  ..., -1.7950e+00,
            1.5718e-01, -2.8737e+00],
          [-5.9666e-01, -1.8597e+00,  6.3316e-01,  ...,  3.8667e-02,
            1.9767e+00,  2.9219e-01],
          [-6.1208e-01,  8.7371e-01, -8.5604e-01,  ...,  8.9927e-01,
            7.6758e-01, -5.5398e-01],
          ...,
          [ 1.6903e-01, -7.6200e-01, -9.9910e-01,  ..., -4.7368e-01,
            8.3194e-01, -1.3875e-01],
          [ 1.8472e+00, -1.5173e+00, -3.8528e-01,  ...,  1.0633e+00,
            1.9864e+00,  5.7516e-01],
          [ 1.5378e+00,  7.1255e-01,  4.4268e-01,  ..., -3.2766e-01,
            1.0396e+00,  4.3150e-01]],

         [[-2.1574e-02,  1.1147e+00, -9.9839e-01,  ...,  4.2468e-01,
           -4.6715e-01, -7.9164e-01],
          [-2.7262e-01, -4.6959e-01, -1.7247e+00,  ...,  2.1212e+00,
           -1.1313e+00,  2.3449e-01],
          [-8.6198e-01, -7.6623e-02, -9.9148e-01,  ..., -4.7858e-01,
            1.0274e+00, -4.8757e-01],
          ...,
          [ 7.0619e-02, -4.0438e-01, -4.4069e-01,  ...,  3.5582e-01,
            1.7011e+00,  1.6639e+00],
          [-1.6235e+00,  1.5271e+00, -9.8023e-01,  ...,  2.3516e+00,
            1.0870e-01, -5.5587e-01],
          [ 6.9420e-01, -3.2448e-04, -5.2991e-01,  ...,  2.1005e+00,
            3.0623e-02, -3.0109e-01]],

         [[-6.0313e-01,  3.2326e+00,  3.5123e+00,  ...,  2.5477e-01,
           -1.9377e+00,  7.2051e-01],
          [ 7.1437e-01, -9.9014e-03, -1.9097e+00,  ...,  1.3722e+00,
           -5.9289e-01, -9.9806e-01],
          [ 2.4315e+00, -9.0444e-02,  1.5311e+00,  ...,  5.7288e-02,
           -3.9203e-01, -1.1863e-01],
          ...,
          [-6.1396e-01,  1.8652e+00,  5.6356e-02,  ..., -3.8617e-01,
           -1.0070e+00, -2.4776e+00],
          [ 1.2850e-01, -2.1700e-01, -1.3409e+00,  ...,  7.3688e-01,
           -4.7554e-01, -1.3251e+00],
          [ 2.5591e+00, -1.1927e+00, -1.1724e+00,  ...,  5.3223e-01,
           -1.6398e+00,  4.1158e-01]],

         [[-1.0137e+00,  6.4473e-01,  1.3548e+00,  ..., -1.1791e+00,
           -2.0204e-01, -1.2336e+00],
          [ 1.1597e+00, -1.1415e+00, -6.6048e-01,  ..., -1.3459e+00,
            1.2047e+00, -1.2806e-01],
          [ 2.5988e-01, -6.3531e-01, -8.0779e-01,  ..., -9.2077e-01,
           -1.6358e+00, -1.1365e+00],
          ...,
          [-6.9604e-01,  8.6499e-01, -3.2223e-01,  ...,  1.2857e+00,
            1.0765e+00, -3.8724e-01],
          [-1.3350e+00, -2.1102e+00,  3.0579e-01,  ..., -1.2534e+00,
            2.5263e-01, -6.3496e-02],
          [ 1.4766e+00, -1.5838e+00, -6.0817e-01,  ..., -7.5801e-01,
            3.0774e-02, -1.0977e+00]]]], device='cuda:0'), tensor([[[-0.3884,  0.0229, -0.0522,  ..., -0.4899, -0.3066,  0.0675],
         [ 0.2252, -0.5921,  0.7880,  ..., -1.2735,  1.1839,  0.9958],
         [ 0.1834,  0.7285, -0.4001,  ..., -0.9857, -0.2061, -0.2531],
         ...,
         [ 0.5160,  0.4960,  0.0577,  ..., -0.4890,  0.3973, -0.2256],
         [ 0.5151,  0.4955,  0.0505,  ..., -0.4960,  0.3895, -0.2232],
         [ 0.5650,  0.5072,  0.1178,  ..., -0.4891,  0.3994, -0.2480]]],
       device='cuda:0')], [tensor([[[[-0.7201, -0.3426,  0.3891,  ...,  0.5083, -0.1018,  1.3761],
          [ 0.1152, -0.6437,  0.1293,  ...,  0.4059, -1.4133, -0.4016],
          [ 1.4333,  0.6683, -0.6307,  ..., -0.2984, -0.4554, -0.0813],
          ...,
          [-0.3203,  0.5320, -1.2190,  ..., -0.7814,  0.0659,  1.4244],
          [ 0.0622, -0.0591,  0.0438,  ..., -0.2107, -0.8983, -1.2458],
          [-1.0947,  0.8554,  0.2256,  ..., -0.1572,  1.4706, -0.2002]],

         [[ 0.5241, -0.2352, -0.7424,  ..., -1.4177, -0.0994,  0.9098],
          [-1.1866, -1.6269, -1.2971,  ..., -1.5069, -0.3115,  0.9953],
          [-1.5532, -1.0482,  1.1611,  ...,  0.4758, -1.0493, -0.7679],
          ...,
          [-0.0475,  0.8056,  1.3024,  ..., -1.1741, -1.4538,  2.6219],
          [ 1.2264, -0.7248, -1.6893,  ...,  1.1358, -0.2732, -0.1936],
          [ 0.5106, -0.8551,  0.0040,  ..., -0.6959,  0.3537, -0.4991]],

         [[-1.0697, -1.0344, -0.9800,  ...,  0.6470,  0.5445,  0.1782],
          [ 0.8208,  1.1726, -2.6694,  ...,  0.2471, -0.7592, -0.6491],
          [ 0.6144,  0.5634,  1.7605,  ...,  0.4903, -0.1058, -1.2924],
          ...,
          [-0.4014, -0.0464,  0.8686,  ...,  0.0657, -0.3099,  1.0147],
          [-0.2399,  1.6692,  0.2225,  ..., -1.8894,  0.6484, -0.6958],
          [ 0.7111,  0.9937,  1.0177,  ...,  1.1406,  0.2158, -0.0924]],

         [[ 0.0793,  0.5798, -0.8163,  ..., -0.7283,  0.2490, -0.2241],
          [-0.8762,  0.4165,  0.1526,  ..., -0.0904, -1.5004,  0.2543],
          [-0.9223, -0.9468,  1.3290,  ..., -0.2869,  0.2030,  1.0441],
          ...,
          [ 0.8833,  0.1364, -1.2703,  ..., -0.5577,  0.3728,  0.4638],
          [-0.1016, -1.0363, -0.4658,  ..., -0.1127, -0.7906, -1.3254],
          [ 0.1979,  0.6652,  0.9692,  ...,  0.1876,  0.7773,  0.4308]]]],
       device='cuda:0'), tensor([[[-0.3884,  0.0229, -0.0522,  ..., -0.4899, -0.3066,  0.0675],
         [ 0.2252, -0.5921,  0.7880,  ..., -1.2735,  1.1839,  0.9958],
         [ 0.1834,  0.7285, -0.4001,  ..., -0.9857, -0.2061, -0.2531],
         ...,
         [ 0.5160,  0.4960,  0.0577,  ..., -0.4890,  0.3973, -0.2256],
         [ 0.5151,  0.4955,  0.0505,  ..., -0.4960,  0.3895, -0.2232],
         [ 0.5650,  0.5072,  0.1178,  ..., -0.4891,  0.3994, -0.2480]]],
       device='cuda:0')], [tensor([[[[-1.6925e+00, -1.1381e+00, -1.3160e+00,  ..., -9.2782e-03,
            7.9198e-01,  1.8393e+00],
          [-1.7878e+00, -7.6740e-01, -1.3478e+00,  ..., -5.3648e-02,
            9.8232e-01,  2.1363e-01],
          [-1.0086e+00, -8.3039e-02,  1.8058e-01,  ..., -1.6165e+00,
            4.4592e-01, -4.7393e-01],
          ...,
          [ 7.1111e-01, -2.8310e+00,  5.6347e-02,  ..., -3.0057e-01,
            1.8356e+00,  8.4567e-01],
          [-1.2737e+00,  1.8165e-01, -1.5978e+00,  ..., -2.8306e-01,
           -3.1085e-01, -1.6638e-01],
          [-2.5083e+00, -3.5169e-01,  5.3486e-01,  ...,  3.1339e-01,
           -1.6434e-01,  2.5626e-01]],

         [[ 1.1111e-01,  1.9675e-01, -8.7201e-01,  ...,  9.1308e-01,
            2.8592e-01, -4.5051e-01],
          [ 2.0561e-01,  6.5994e-01,  1.3511e+00,  ...,  7.4628e-01,
           -6.1982e-01,  3.1203e-01],
          [ 4.8579e-01,  5.2378e-01, -7.3281e-01,  ..., -7.5078e-01,
            7.7652e-02,  1.8904e+00],
          ...,
          [-9.1005e-01,  6.9859e-01, -1.6577e+00,  ...,  1.3109e-01,
            7.6316e-01,  7.2950e-01],
          [-2.4915e-01,  4.0212e-01,  1.3101e+00,  ...,  3.7064e-01,
           -5.2838e-01,  5.0072e-01],
          [ 1.9387e+00, -1.0046e+00, -4.8660e-01,  ..., -6.1996e-01,
           -4.9567e-01,  7.9569e-01]],

         [[-5.7614e-01, -1.1128e+00, -1.5957e+00,  ..., -7.0618e-01,
            2.4364e-01, -5.7294e-01],
          [-6.1676e-01, -2.5208e-01, -1.1163e+00,  ..., -4.2735e-01,
           -5.6205e-01, -2.3481e-01],
          [-3.7191e-01,  7.5230e-01, -4.0468e-01,  ...,  1.9724e+00,
            1.3222e+00, -4.0714e-01],
          ...,
          [-1.2703e+00, -4.9945e-01, -6.3047e-01,  ..., -3.7064e-01,
            7.8069e-01, -1.7802e+00],
          [-1.1419e+00,  4.7151e-01,  2.0775e-01,  ..., -1.2882e+00,
           -9.1226e-02, -4.6893e-01],
          [ 9.3494e-03,  4.8037e-01, -5.2666e-01,  ..., -3.2712e-01,
           -2.3230e-01,  7.2716e-01]],

         [[-2.3374e+00,  2.7891e-01, -7.7967e-01,  ...,  7.0588e-01,
            2.3526e+00, -6.1970e-01],
          [-1.4302e+00, -6.5039e-01, -9.3944e-01,  ...,  6.8818e-01,
            2.1487e+00, -1.3545e+00],
          [-4.2238e-01, -9.3217e-01, -6.8769e-01,  ..., -1.0893e+00,
            8.2355e-02, -3.5232e-02],
          ...,
          [-4.9881e-01,  9.8628e-01, -7.7272e-01,  ...,  1.7060e+00,
            9.4991e-01,  4.8592e-01],
          [-1.8966e+00,  6.5185e-01, -6.5248e-04,  ...,  5.6034e-01,
           -2.3864e+00, -2.7535e+00],
          [-1.1537e-02,  9.8621e-01, -1.3525e-01,  ...,  1.4209e+00,
            1.0711e+00,  1.0728e+00]]]], device='cuda:0'), tensor([[[-0.3884,  0.0229, -0.0522,  ..., -0.4899, -0.3066,  0.0675],
         [ 0.2252, -0.5921,  0.7880,  ..., -1.2735,  1.1839,  0.9958],
         [ 0.1834,  0.7285, -0.4001,  ..., -0.9857, -0.2061, -0.2531],
         ...,
         [ 0.5160,  0.4960,  0.0577,  ..., -0.4890,  0.3973, -0.2256],
         [ 0.5151,  0.4955,  0.0505,  ..., -0.4960,  0.3895, -0.2232],
         [ 0.5650,  0.5072,  0.1178,  ..., -0.4891,  0.3994, -0.2480]]],
       device='cuda:0')], [tensor([[[[ 3.3636,  0.7638,  0.6875,  ...,  0.4727,  0.7561,  0.2872],
          [-1.0286, -0.4627,  0.0375,  ...,  0.6434,  0.4838, -0.6782],
          [ 0.7449, -0.7220, -0.5747,  ...,  0.3778,  0.1611,  0.6589],
          ...,
          [-0.6167, -1.8673, -1.9064,  ...,  0.3340, -0.2027,  0.1898],
          [ 0.0263,  0.5478, -0.3511,  ..., -0.0956, -0.6238, -0.2904],
          [-0.0514,  0.3749,  0.0065,  ...,  0.4348, -1.6844,  0.9305]],

         [[ 1.0280,  0.3109,  0.3916,  ...,  0.3343, -0.2730, -0.3694],
          [-1.0410,  0.3736, -1.4391,  ..., -1.3473, -0.8063, -0.1900],
          [ 0.1263, -0.0592, -1.5315,  ..., -1.6138, -0.2249,  0.3799],
          ...,
          [ 1.8163, -0.9425, -1.0072,  ...,  0.1382,  1.0163, -1.5693],
          [-0.7729, -0.6179,  1.8276,  ..., -1.8806, -1.4744,  0.0145],
          [ 0.4867, -0.5548,  0.0192,  ...,  0.2576,  0.1311,  0.4228]],

         [[ 0.0308, -3.0265, -0.1461,  ...,  1.3405, -0.7733,  0.9162],
          [-1.0568,  0.8538,  0.1068,  ..., -0.6536, -0.8209,  0.6692],
          [-0.1216, -0.4120, -0.7284,  ...,  1.9631,  0.0480,  0.4179],
          ...,
          [-0.4748,  0.6650,  1.1677,  ...,  0.3800, -0.3895,  0.9219],
          [-0.8734, -0.3341, -0.7562,  ..., -0.2781, -1.3466,  0.3045],
          [-1.4085,  0.9265, -0.5379,  ..., -1.5983, -0.4351, -0.9766]],

         [[-0.3631,  1.1516, -1.7108,  ...,  0.8075, -0.3938, -2.4362],
          [-0.8406,  0.3139,  1.5138,  ..., -0.3137, -0.2650, -0.6208],
          [-1.0522,  0.4304,  0.0902,  ..., -0.2492,  0.4439,  0.5390],
          ...,
          [ 0.6164, -0.4956,  0.1914,  ...,  0.4546, -0.7898,  0.1105],
          [-0.8217,  0.0921,  0.6978,  ..., -1.6574,  0.3971, -1.5116],
          [ 0.5649,  0.9935,  1.2446,  ..., -0.8385, -0.2335, -0.1834]]]],
       device='cuda:0'), tensor([[[-0.3884,  0.0229, -0.0522,  ..., -0.4899, -0.3066,  0.0675],
         [ 0.2252, -0.5921,  0.7880,  ..., -1.2735,  1.1839,  0.9958],
         [ 0.1834,  0.7285, -0.4001,  ..., -0.9857, -0.2061, -0.2531],
         ...,
         [ 0.5160,  0.4960,  0.0577,  ..., -0.4890,  0.3973, -0.2256],
         [ 0.5151,  0.4955,  0.0505,  ..., -0.4960,  0.3895, -0.2232],
         [ 0.5650,  0.5072,  0.1178,  ..., -0.4891,  0.3994, -0.2480]]],
       device='cuda:0')], [tensor([[[[ 0.6727, -0.1134, -0.4329,  ..., -1.6912, -0.8387,  0.3028],
          [ 0.9706,  1.8401,  0.7425,  ..., -0.0642, -0.8273, -1.1695],
          [ 0.0532,  0.5102, -1.8288,  ..., -0.9419,  0.7239, -1.1477],
          ...,
          [-0.4085, -1.3074,  0.1413,  ..., -2.5114,  1.6833,  1.9777],
          [ 0.2758, -0.7619, -0.5934,  ...,  0.3834,  0.3104,  0.8279],
          [ 0.2549, -0.5049,  0.0816,  ..., -1.9644, -0.3521,  1.0748]],

         [[-0.7150, -0.6707,  1.0380,  ..., -0.7461, -1.1295, -0.3474],
          [-1.1190,  0.9038, -0.8496,  ..., -1.5099,  0.7147, -0.2428],
          [-0.3295, -1.0487, -0.3796,  ...,  0.8122, -1.2186,  0.3418],
          ...,
          [-0.4861, -1.2163,  1.6841,  ..., -1.0373,  0.1889,  1.0513],
          [ 0.8008,  0.4097,  0.4593,  ...,  1.3367, -1.0495, -0.5407],
          [-0.4071,  1.1534,  0.8620,  ...,  0.3838,  0.8995,  0.9456]],

         [[ 1.4950,  0.2445, -1.9236,  ..., -0.0648, -0.1733,  1.0481],
          [-0.4125,  0.0945, -1.2158,  ...,  0.0327,  0.9068, -2.4646],
          [-0.7391, -0.1628,  0.2615,  ...,  1.5768,  0.3748,  0.0082],
          ...,
          [ 0.9775,  1.8896,  0.9002,  ..., -1.2267,  1.0482,  0.4677],
          [ 0.0920, -0.4903, -0.1304,  ..., -0.8720, -0.1715,  0.0207],
          [-0.7792,  0.3606, -0.3484,  ...,  2.3119, -0.7157, -1.3286]],

         [[-0.1955,  0.9120,  0.5502,  ...,  0.2917,  0.6797, -0.6210],
          [ 0.4319,  1.4719, -0.1532,  ...,  1.9794, -0.1634, -0.4656],
          [ 0.2292,  1.1212, -1.0286,  ...,  0.3583,  0.7237, -0.4070],
          ...,
          [ 0.2748, -0.9452,  1.6690,  ..., -0.2546, -2.0221, -1.5798],
          [ 0.3180, -1.0553, -0.8755,  ...,  1.3264,  0.6565, -0.1252],
          [ 0.2380, -0.2540,  3.2152,  ...,  2.2905, -0.0390, -0.2296]]]],
       device='cuda:0'), tensor([[[-0.3884,  0.0229, -0.0522,  ..., -0.4899, -0.3066,  0.0675],
         [ 0.2252, -0.5921,  0.7880,  ..., -1.2735,  1.1839,  0.9958],
         [ 0.1834,  0.7285, -0.4001,  ..., -0.9857, -0.2061, -0.2531],
         ...,
         [ 0.5160,  0.4960,  0.0577,  ..., -0.4890,  0.3973, -0.2256],
         [ 0.5151,  0.4955,  0.0505,  ..., -0.4960,  0.3895, -0.2232],
         [ 0.5650,  0.5072,  0.1178,  ..., -0.4891,  0.3994, -0.2480]]],
       device='cuda:0')], [tensor([[[[ 0.7684,  1.1034,  0.6239,  ..., -0.4849, -1.7546,  0.0311],
          [-0.3902, -0.0973, -0.2924,  ..., -2.5190,  1.0785,  0.7690],
          [-0.0815,  0.3650,  0.1534,  ...,  0.6387,  0.8264, -0.6369],
          ...,
          [ 1.2734,  0.5290, -0.3545,  ..., -0.5518,  0.1520, -1.3930],
          [-1.5155,  0.1939,  1.5977,  ..., -0.4136,  1.9846, -0.2538],
          [ 0.4523, -0.2961, -2.4407,  ...,  0.6808,  0.8694, -1.3384]],

         [[-0.2971, -1.1151, -0.3810,  ..., -0.9329,  1.7903, -0.4338],
          [-0.0588,  0.8709,  0.0078,  ...,  0.1711,  0.2629, -0.1186],
          [-0.4535,  1.6434,  0.9455,  ..., -0.0661, -0.6782,  0.3748],
          ...,
          [-1.0308,  1.2320, -0.1412,  ..., -0.3696, -0.3262,  0.5804],
          [-0.6281, -1.1826, -0.4730,  ..., -0.7376, -1.0894,  1.0051],
          [ 0.4015, -0.2371,  0.2776,  ..., -0.9084,  0.2349, -1.6769]],

         [[ 0.1836, -1.0506,  0.8726,  ...,  0.5138,  0.0110, -0.8659],
          [-0.8758,  0.1504, -0.3046,  ..., -0.3310, -1.3331,  2.2414],
          [ 0.1204,  1.4430,  0.7547,  ...,  0.7311,  0.1915, -1.3563],
          ...,
          [-1.2616, -0.7159, -0.0286,  ..., -0.3116, -0.4448,  1.2135],
          [ 0.4530, -0.1835, -0.5724,  ...,  1.0534, -0.0865, -2.5348],
          [ 1.0898,  0.5014, -0.0364,  ..., -2.0457,  1.9268,  0.2406]],

         [[ 0.0431,  0.2885,  0.7381,  ..., -0.5626,  0.7688,  0.1607],
          [-2.2538,  1.8187, -0.4061,  ..., -0.6418,  0.4207,  0.2548],
          [-0.1563,  0.2731,  1.0324,  ..., -0.5448, -2.0810, -1.7249],
          ...,
          [ 2.8897,  0.9552, -0.5903,  ..., -1.0725,  0.4970,  1.8573],
          [-0.2236,  1.0132,  1.3849,  ...,  0.9854, -0.3095,  0.2267],
          [ 1.2121,  0.5527,  0.0432,  ..., -0.1320,  0.5801, -0.6656]]]],
       device='cuda:0'), tensor([[[-0.3884,  0.0229, -0.0522,  ..., -0.4899, -0.3066,  0.0675],
         [ 0.2252, -0.5921,  0.7880,  ..., -1.2735,  1.1839,  0.9958],
         [ 0.1834,  0.7285, -0.4001,  ..., -0.9857, -0.2061, -0.2531],
         ...,
         [ 0.5160,  0.4960,  0.0577,  ..., -0.4890,  0.3973, -0.2256],
         [ 0.5151,  0.4955,  0.0505,  ..., -0.4960,  0.3895, -0.2232],
         [ 0.5650,  0.5072,  0.1178,  ..., -0.4891,  0.3994, -0.2480]]],
       device='cuda:0')], [tensor([[[[ 0.9047,  0.0929, -0.1184,  ..., -0.0184,  0.5876,  0.9469],
          [-0.7601,  0.7048, -1.5100,  ..., -0.7349, -0.3639, -0.5876],
          [ 2.0659, -0.5122,  0.0322,  ..., -0.2683, -0.2349, -0.4112],
          ...,
          [-2.0048,  1.0770,  0.3892,  ...,  0.4035,  0.5000,  0.5051],
          [ 1.7465,  0.0381, -0.6752,  ...,  0.0803,  0.5288,  0.5527],
          [ 0.4299, -1.3910,  0.0406,  ...,  1.2054,  0.0143,  0.6671]],

         [[-0.2445,  0.6429, -0.2139,  ...,  0.6283, -0.3629,  0.7793],
          [-0.3240,  0.1844, -0.8774,  ...,  0.7979,  1.1925, -0.8828],
          [ 0.4643, -0.7178,  0.5904,  ...,  0.2330, -0.2714, -0.1179],
          ...,
          [-0.2522,  0.6980,  0.4425,  ...,  0.2827,  0.7250,  1.2552],
          [-0.3593,  0.4096, -0.2331,  ..., -1.7082, -0.0623,  0.0086],
          [ 0.6816,  0.4016, -1.0586,  ..., -1.0742,  0.1065,  1.4869]],

         [[-1.9619, -1.0935, -0.9495,  ..., -0.6121, -0.5619, -2.0586],
          [ 0.7186, -0.1640, -0.0359,  ...,  0.2325,  0.8772,  0.1194],
          [-1.3310, -1.4986,  0.6844,  ...,  1.5884, -1.2450,  0.1364],
          ...,
          [-0.4969, -2.0330, -1.2662,  ...,  1.6504,  0.6573, -2.1734],
          [ 0.7110,  1.0638,  0.5353,  ..., -1.6496, -1.1447, -0.8345],
          [-0.0531, -0.9308, -0.3942,  ..., -0.2130, -0.7395,  0.0599]],

         [[ 0.1787, -1.6897,  0.2473,  ...,  0.7273,  0.2914,  0.2281],
          [ 0.9872, -0.3794,  0.1241,  ..., -0.7324, -0.0837, -1.0574],
          [-0.6620,  0.4475, -0.1409,  ...,  0.6160,  1.2084, -0.3395],
          ...,
          [-0.9480,  1.1812,  1.1413,  ..., -1.3106,  1.8150, -0.0917],
          [ 2.8138,  0.0060,  1.7910,  ..., -0.2054, -0.9248,  1.5916],
          [ 0.8751,  0.6895,  0.1619,  ..., -0.6637,  0.6694,  1.4717]]]],
       device='cuda:0'), tensor([[[-0.3884,  0.0229, -0.0522,  ..., -0.4899, -0.3066,  0.0675],
         [ 0.2252, -0.5921,  0.7880,  ..., -1.2735,  1.1839,  0.9958],
         [ 0.1834,  0.7285, -0.4001,  ..., -0.9857, -0.2061, -0.2531],
         ...,
         [ 0.5160,  0.4960,  0.0577,  ..., -0.4890,  0.3973, -0.2256],
         [ 0.5151,  0.4955,  0.0505,  ..., -0.4960,  0.3895, -0.2232],
         [ 0.5650,  0.5072,  0.1178,  ..., -0.4891,  0.3994, -0.2480]]],
       device='cuda:0')], [tensor([[[[-1.2461e-01,  7.7336e-01,  3.1868e-01,  ...,  2.1726e+00,
           -1.0734e+00, -6.0389e-01],
          [ 3.9720e-02, -1.6795e-01,  2.6960e+00,  ...,  1.1365e+00,
           -7.0086e-01,  9.6157e-01],
          [-2.6337e+00,  8.6885e-01, -1.9589e+00,  ...,  2.4846e-01,
            1.3458e+00,  1.0788e+00],
          ...,
          [-1.0222e-01,  2.0215e+00,  1.5430e+00,  ...,  7.0000e-01,
            1.5885e+00,  2.2804e-01],
          [ 1.8756e+00, -7.1694e-02, -1.4358e+00,  ..., -2.7245e-01,
            3.7810e-01,  1.6634e+00],
          [-8.1798e-01, -5.2671e-02, -1.6232e+00,  ...,  4.1093e-01,
            2.2149e-01, -5.5866e-01]],

         [[-8.2082e-01,  4.7976e-01,  1.5219e-01,  ..., -3.5832e-03,
            1.8997e-01, -5.9995e-02],
          [-1.3712e+00, -1.9394e-02, -9.4865e-01,  ..., -3.4006e-02,
            4.3981e-01, -2.8062e+00],
          [-7.8913e-01,  4.7529e-01,  9.3414e-01,  ...,  9.6144e-01,
           -1.6551e+00,  1.6695e+00],
          ...,
          [ 6.9158e-01,  6.0452e-01,  4.5719e-01,  ..., -1.1835e+00,
            3.5362e-01,  8.4825e-01],
          [ 1.0251e+00,  1.4310e+00,  6.6175e-01,  ..., -6.9963e-01,
            1.0344e+00, -6.4991e-02],
          [ 5.5352e-01, -1.4156e+00,  6.5943e-01,  ..., -1.1340e+00,
            6.5033e-02, -1.2047e+00]],

         [[ 3.9516e-01, -9.8177e-02,  1.7231e+00,  ..., -1.0500e+00,
            9.3751e-01,  5.3823e-01],
          [-1.0337e+00, -2.2385e+00,  4.0623e-01,  ...,  6.4883e-01,
           -3.5972e-01, -2.1419e-01],
          [-2.0644e-01, -7.7306e-01,  1.0419e-01,  ...,  3.2658e-01,
            1.4212e+00,  1.5216e+00],
          ...,
          [-1.6768e-01, -4.7627e-01,  4.5806e-01,  ..., -7.3575e-01,
            1.1836e+00,  5.7629e-01],
          [ 2.7036e-01,  2.4700e-01, -3.2384e-01,  ..., -9.4608e-01,
            1.8979e+00,  2.3167e+00],
          [-1.1425e-03, -4.8034e-01,  8.9880e-01,  ...,  7.3573e-01,
            8.2332e-01, -4.0301e-01]],

         [[ 5.2196e-01,  4.9817e-02, -1.0328e-01,  ..., -1.1179e+00,
            1.1567e+00, -2.1918e+00],
          [-4.7066e-02,  4.7399e-02, -9.5354e-01,  ...,  1.2612e+00,
            3.2279e-02,  4.9357e-01],
          [-2.4531e-01,  1.5927e+00, -1.4979e+00,  ...,  6.0168e-01,
           -2.1321e-01, -6.9919e-01],
          ...,
          [-1.2004e+00,  1.2315e-01, -1.2590e+00,  ..., -1.8548e-01,
           -1.4795e-02, -4.7127e-01],
          [-1.5411e+00, -7.9099e-01, -1.8898e+00,  ..., -2.0866e-01,
            1.1060e+00, -7.2656e-01],
          [-4.2078e-01, -1.8088e+00,  5.9870e-01,  ...,  7.0584e-02,
            2.0232e-01,  2.0903e-02]]]], device='cuda:0'), tensor([[[-0.3884,  0.0229, -0.0522,  ..., -0.4899, -0.3066,  0.0675],
         [ 0.2252, -0.5921,  0.7880,  ..., -1.2735,  1.1839,  0.9958],
         [ 0.1834,  0.7285, -0.4001,  ..., -0.9857, -0.2061, -0.2531],
         ...,
         [ 0.5160,  0.4960,  0.0577,  ..., -0.4890,  0.3973, -0.2256],
         [ 0.5151,  0.4955,  0.0505,  ..., -0.4960,  0.3895, -0.2232],
         [ 0.5650,  0.5072,  0.1178,  ..., -0.4891,  0.3994, -0.2480]]],
       device='cuda:0')]]
