[0.5669956336951887, 0.6203524090137155, 0.7359585571276716, 0.6748230547720491, 0.5919110827016228, 0.47091316548143064, 0.4902257994095656, 0.5332833638188548, 0.49434624030524027, 0.6213611479752454, 0.7539957052212227, 0.5422075514893662, 0.5716708525541903, 0.8711937851110584, 0.6550005871681867, 0.6045414939507389, 0.6737204196832319, 0.453164871858046, 0.49460067338997316, 0.7373299474155184, 0.5538071346923537, 0.4659505329914413, 0.6002163988371072, 0.523012675890979, 0.5514290552236938, 0.652300816642042, 0.33158414129572444, 0.45971046938045595, 0.63048000255609, 0.27166939284467373]
[0.8711937851110584, 0.7539957052212227, 0.7373299474155184, 0.866792140727296, 0.6325580553039176, 0.6102767998239337, 0.7049292686505555, 0.4696839966440092, 0.5469383993373083, 0.5599477560882945, 0.5978061818117727, 0.7215549074708759, 0.6392154682617474, 0.5940095219119086, 0.7742752015554628, 0.6374592596616063, 0.8302975557463925, 0.7237914394480134, 0.47965406088197443, 0.8693557310907674, 0.7488029657109019, 0.49606715763010184, 0.5592950480143737, 0.5495558211784429, 0.5389112143220078, 0.4560602627403525, 0.6877578013248504, 0.896305027204184, 0.591328367530571, 0.6852773804487357]
[0.896305027204184, 0.8711937851110584, 0.8693557310907674, 0.7085361953187786, 0.5046456151719739, 0.8616971355499784, 0.842166472060034, 0.5175629425224346, 0.23788685611992613, 0.4249250678343339, 0.8559688341171866, 0.8534548785822205, 0.451342194054131, 0.7943830020464901, 0.8422002694778443, 0.8497811723083424, 0.8369680897286905, 0.5168534679377462, 0.7263612048225861, 0.7720921347499942, 0.7752539600857173, 0.8857382228399004, 0.8551028239052197, 0.5029402365702363, 0.5112312290822827, 0.8520361104703276, 0.8610754052443085, 0.8579156446106294, 0.4911812316972174, 0.41316650808645355]
[0.896305027204184, 0.8857382228399004, 0.8711937851110584, 0.8755417016511536, 0.8597121555521082, 0.8714141036085343, 0.5152375874711198, 0.4618903429990454, 0.8234692970016411, 0.774651200726238, 0.8557660102072991, 0.7776984099751268, 0.6067677963485586, 0.8186998127801126, 0.5049065587693444, 0.8612315873246489, 0.7597100503272255, 0.6701285886004261, 0.8416388838781305, 0.8727571320763002, 0.8738198560380381, 0.68949732220409, 0.8315097712323192, 0.2558488230274356, 0.8906477497100885, 0.8120971209204926, 0.46353629766537213, 0.8525582977936902, 0.774335789022977, 0.8766835320699182]
[0.896305027204184, 0.8906477497100885, 0.8857382228399004, 0.8473160633207243, 0.9059714923427241, 0.711699901379439, 0.8651802042729816, 0.8696642337225649, 0.8424318246827665, 0.8710058451115484, 0.8471140909257542, 0.7787726525571209, 0.8260706968124939, 0.8631402354808045, 0.854505197029618, 0.742413606585294, 0.8513511419792905, 0.8924588393192743, 0.8567552134332858, 0.8931311578175375, 0.7345709036258616, 0.8768666706151887, 0.902057045756519, 0.8563884260673955, 0.8082689556011095, 0.42047000315554917, 0.8714979734663966, 0.8187657494822534, 0.7958816574284626, 0.8785059363877995]
[0.9059714923427241, 0.902057045756519, 0.896305027204184, 0.8826831677204365, 0.5044923872826954, 0.8187912467239877, 0.7947500568611586, 0.8889862485954713, 0.7591718252012079, 0.9119705598457223, 0.9024095586259395, 0.8902148581266909, 0.841736014844405, 0.8631066095710208, 0.8583011477286882, 0.8335721830695841, 0.8644894159502616, 0.8817460558013639, 0.8722644649561012, 0.752512764823516, 0.8789817560463056, 0.8963653377176922, 0.8378468682797588, 0.8713023966119018, 0.877797000587239, 0.8105053267789502, 0.914170815338564, 0.7045899396938211, 0.8387739706989636, 0.8950245986986274]
[0.914170815338564, 0.9119705598457223, 0.9059714923427241, 0.9034897591989414, 0.8983771528212332, 0.8472128672124893, 0.8832815895932584, 0.8652788447422434, 0.8105704228077817, 0.9064443201534914, 0.8873862698589603, 0.8785307640600152, 0.894297475819775, 0.8856429846723124, 0.8998412811002302, 0.860826143116083, 0.8570364562379058, 0.9054767542912431, 0.8151451806300563, 0.8817723156902256, 0.8988116407220008, 0.9039259313493848, 0.8954669510192697, 0.8664988058273152, 0.9146532624566575, 0.8873876070920886, 0.9049073428594121, 0.8993730288194455, 0.8046716069449554, 0.8352394451383486]
[0.9146532624566575, 0.914170815338564, 0.9119705598457223, 0.820825584184214, 0.8358227806977403, 0.8084005056796035, 0.8617853625591487, 0.8836192798297119, 0.7983760227881647, 0.881314358172115, 0.8458662321410699, 0.8972016424451733, 0.8407867929326829, 0.8754758122359253, 0.8181186999225641, 0.8962142071646222, 0.8812396522242507, 0.8879605315513169, 0.8733479183740852, 0.8361585931715404, 0.9258857254950773, 0.8627256295411108, 0.8498302017427081, 0.8776838228354868, 0.8809719073243132, 0.8994495718908587, 0.8701315626074405, 0.8898649735396182, 0.8941898383203903, 0.8579921083981153]
[0.9258857254950773, 0.9146532624566575, 0.914170815338564, 0.8553698781773529, 0.9158900377813259, 0.8273736423942665, 0.8900768734694408, 0.8611340092949863, 0.8328705636531308, 0.8461965599516937, 0.8037091363777951, 0.9086909728796783, 0.873503800095582, 0.8867697523998642, 0.7936244913891981, 0.8883985207546365, 0.8549377704172428, 0.8691991871420541, 0.8183982961272386, 0.8812342311115983, 0.8919379775465636, 0.9108963778327435, 0.8472790773551779, 0.7213270958329594, 0.8951302756601989, 0.8522496977174012, 0.9072151963109993, 0.8911398228271318, 0.8954379688174638, 0.9020694518630357]
[0.9258857254950773, 0.9158900377813259, 0.9146532624566575, 0.8809702861665962, 0.8840233606123211, 0.845791553512492, 0.9094462509163276, 0.7459732559790997, 0.9014906708444101, 0.8573425809808939, 0.834637455202204, 0.8391217941289727, 0.8977816383513134, 0.8113555823111175, 0.8951013186823029, 0.8179823418975724, 0.8191611215098047, 0.8660612947319594, 0.82052194555664, 0.8936700694047928, 0.8239013530871049, 0.9099164654968926, 0.8883964681122819, 0.85432208382621, 0.8526431018668312, 0.8974041028580658, 0.8911728040191206, 0.853731884215951, 0.8681178162006971, 0.9166989359367477]
[0.9258857254950773, 0.9166989359367477, 0.9158900377813259, 0.762377368772064, 0.7876426076983516, 0.8775118822638011, 0.6887198809505665, 0.7057470492592298, 0.7399421930311905, 0.8623485328897565, 0.8902371202171343, 0.8912852007598928, 0.8600297695579657, 0.8426847595966255, 0.890635702838541, 0.7671467489476882, 0.8807264114648224, 0.7708929853651829, 0.8428492240714912, 0.8973913136238348, 0.8995320476353872, 0.8449432489204366, 0.8289132934363965, 0.8882562348924387, 0.90051665598888, 0.7904606699620008, 0.8286095850325567, 0.8538244121049489, 0.8570437341281332, 0.8756584197240292]
[0.9258857254950773, 0.9166989359367477, 0.9158900377813259, 0.7421935115959772, 0.867282100114809, 0.9146120344474544, 0.9369622622029191, 0.7458401494676146, 0.8875185619530209, 0.8758703970976625, 0.8738093534413495, 0.89938397622141, 0.9025904459017996, 0.8798239308106504, 0.8995174283389974, 0.8438368838017379, 0.8942834021287586, 0.8894605124744794, 0.8273609142217778, 0.739272577887153, 0.8987804589679955, 0.8508794661282273, 0.8705631018720398, 0.8891767948474498, 0.879949758720666, 0.8561424127379303, 0.8759439859666719, 0.8123585237984033, 0.9093552926042873, 0.8657704053592584]
[0.9369622622029191, 0.9258857254950773, 0.9166989359367477, 0.71586160252135, 0.9093351979445922, 0.8650520342922837, 0.8710711989903442, 0.8859149273402902, 0.8848666142874173, 0.8648542271491476, 0.9076836997482483, 0.7774004014185822, 0.9118652234904622, 0.881833965338523, 0.904047462936482, 0.9093269657612577, 0.6904464646844292, 0.8184436019817545, 0.8909706033581338, 0.9042860904813409, 0.9116093906608496, 0.8453284774154678, 0.8917988706664629, 0.8994615162671904, 0.7358231753884533, 0.856737617681859, 0.8839635265167562, 0.9191536339865726, 0.9063305459319904, 0.9134547128594892]
[0.9369622622029191, 0.9258857254950773, 0.9191536339865726, 0.7461980488184022, 0.7235370082147742, 0.8799780357778094, 0.8761440371271174, 0.9218690176544361, 0.7034788375479464, 0.924561818925998, 0.915779392135108, 0.8791580198502595, 0.8880139942105718, 0.8268711619413133, 0.8260386538551063, 0.908295803829307, 0.8949934357840792, 0.8887824942969191, 0.8801793462252705, 0.9070267310511585, 0.8719651683248488, 0.8241686339224928, 0.806975227842207, 0.7546998254517774, 0.8501752398739925, 0.899236785632045, 0.9188366178978462, 0.888897741767138, 0.8980974977323378, 0.8813429954191154]
[0.9369622622029191, 0.9258857254950773, 0.924561818925998, 0.7223259139524473, 0.9032784039598475, 0.8643683335018912, 0.9053885721542612, 0.8618474824805986, 0.8881266928730426, 0.8577037485092106, 0.5783728705671066, 0.8141270352305905, 0.8410739902338059, 0.8937967397511074, 0.9205612515617577, 0.9281433883981112, 0.8486725481505473, 0.8874069082497872, 0.7737249807485946, 0.8774578068012472, 0.8935830777632846, 0.826318735430401, 0.6961946915904896, 0.9122165374877761, 0.9113485005437616, 0.9162461511163987, 0.8767869207336785, 0.871568644631107, 0.9101794546136843, 0.875216048727804]
[0.9369622622029191, 0.9281433883981112, 0.9258857254950773, 0.7538881105223916, 0.8848389526016561, 0.8575003731317661, 0.9064230280050818, 0.9190785549276892, 0.8790132396239924, 0.9350983040519398, 0.8856140420145097, 0.8121482541600409, 0.8821068260475343, 0.5704917589243037, 0.6864466177497283, 0.8765797965911157, 0.9164978425587752, 0.9252398320973463, 0.8975413852467632, 0.9165888952941326, 0.7007981867148038, 0.780066646678253, 0.9158962411098751, 0.8696396316037033, 0.8304039981323168, 0.8936884194116913, 0.8465386049561562, 0.8829549331112481, 0.921610307680311, 0.8820274261360709]
[0.9369622622029191, 0.9350983040519398, 0.9281433883981112, 0.7447866608766169, 0.8926253340244222, 0.8886788554680195, 0.8584335122938634, 0.8435921002717814, 0.9302553735085161, 0.8802200828329996, 0.8445250871333129, 0.9075766351550388, 0.9003367303990931, 0.8924222601514817, 0.9016316567215368, 0.9000768858188364, 0.9289176794294891, 0.9017964743483285, 0.910870129055758, 0.8281308844389933, 0.930094673781753, 0.9129613126170568, 0.9090168244844254, 0.9442869856682629, 0.8743591463605055, 0.8601838176624341, 0.8495624647121203, 0.8532420919052598, 0.8216885337961942, 0.8850461795104295]
[0.9442869856682629, 0.9369622622029191, 0.9350983040519398, 0.9029008079331973, 0.9351435434809318, 0.7378241197270974, 0.8963951375769356, 0.9286228239493586, 0.9178799470714881, 0.9122853934334306, 0.8492265342569542, 0.8572824584608313, 0.8455757491268636, 0.9201171011399649, 0.9154712762910119, 0.8792062532992155, 0.8988603775431881, 0.8375856948707677, 0.8726617521412258, 0.9144298496619553, 0.7482288185430784, 0.8597227763856713, 0.9180480903182632, 0.7215716056554553, 0.8900737635159379, 0.8769112716944785, 0.8845644513766526, 0.5859992671749019, 0.7017013961684884, 0.9020953572856873]
[0.9442869856682629, 0.9369622622029191, 0.9351435434809318, 0.8999956011769222, 0.8970812124300295, 0.8951027877225317, 0.9196210709759642, 0.9212305188904106, 0.917521996530592, 0.885794938228158, 0.5659745036810254, 0.9018886792292222, 0.7835538010014131, 0.6950822931508206, 0.8513755098349713, 0.7763719057367858, 0.9414605858358852, 0.8385900789568994, 0.9021247650573683, 0.8363125707733239, 0.9220119918901212, 0.9089027621928689, 0.9120733569195997, 0.8813971722922103, 0.886380620847242, 0.9046259077734254, 0.9082213378869605, 0.7926613060574121, 0.784027407533301, 0.8726699249346553]
[0.9442869856682629, 0.9414605858358852, 0.9369622622029191, 0.8748040395575791, 0.8998136102046258, 0.8904124699448462, 0.7149538303665649, 0.870169484858159, 0.7679947576895964, 0.9025356841736246, 0.6840602066876831, 0.8634984322619725, 0.9302301996275218, 0.6885344861893801, 0.9095850274280867, 0.9022379839976311, 0.8923670138997054, 0.918974421544891, 0.8620374939360511, 0.8969023315303409, 0.8760865785803165, 0.8967686521745402, 0.5887107617101274, 0.8935478262284094, 0.917903687397227, 0.91813929259103, 0.6929792981296282, 0.8418937455490345, 0.9117791782921678, 0.9325539491353466]
[0.9442869856682629, 0.9414605858358852, 0.9369622622029191, 0.9099926335051409, 0.9241534882740491, 0.9121141149551022, 0.9205259058054552, 0.6877519632341201, 0.8513612032516491, 0.6067459040054745, 0.899576915417219, 0.9181851921905774, 0.8274484623578032, 0.8820480207632849, 0.9197963544208342, 0.8868129646253342, 0.9241542598657676, 0.9233069563326675, 0.904127296251738, 0.90240883350271, 0.9425335331808485, 0.8535019201554777, 0.9255640816681036, 0.9314238199507623, 0.889298890535721, 0.8722305007067536, 0.8785389169655944, 0.9449988843503081, 0.887632503572629, 0.8431885932650577]
[0.9449988843503081, 0.9442869856682629, 0.9425335331808485, 0.8452131552230359, 0.9128760169409561, 0.7677996184885729, 0.9121113867394522, 0.9106124392922021, 0.8950508616019752, 0.8822516727866172, 0.7124989365645088, 0.706859727878488, 0.9088099153937067, 0.9037358393563739, 0.9178981878074511, 0.9118063881809408, 0.9175596812225622, 0.895618679204999, 0.8999152057070147, 0.9338441904040837, 0.9124085018907645, 0.9189301892826903, 0.9204043680321261, 0.9128541496627476, 0.901016497226256, 0.9356301263325857, 0.9175688447948439, 0.945478776472103, 0.7253786720977808, 0.7137579783954844]
[0.945478776472103, 0.9449988843503081, 0.9442869856682629, 0.924781895603562, 0.9287827669186765, 0.9348422758609639, 0.9062561201244845, 0.8596760998647922, 0.9354156644516488, 0.9365206508141354, 0.7939191813138027, 0.9000805778537871, 0.9214372506414784, 0.710851605857001, 0.9377869437182282, 0.9173845651583631, 0.9250114423184693, 0.6219187004272441, 0.9045702234052537, 0.8328897840512172, 0.9432928524455673, 0.8953409352463729, 0.9085242102231379, 0.9295130764809122, 0.9484115777778993, 0.9307605658490673, 0.9213798032508331, 0.8943836461398686, 0.9236387278082141, 0.9046735222498543]
[0.9484115777778993, 0.945478776472103, 0.9449988843503081, 0.7488259703630795, 0.7155868391012858, 0.9051507509398123, 0.9023829598277958, 0.928372976138258, 0.9293177013402624, 0.9183666739477553, 0.8816748626956341, 0.9308720687703259, 0.935273184607089, 0.8045089650807746, 0.9429800222329833, 0.9271008459202283, 0.9299270414286654, 0.9274179227848386, 0.9257574239542882, 0.9316862618352264, 0.9416472411480337, 0.9325239369488076, 0.6524265023580857, 0.9489397000888894, 0.8949457867027579, 0.9176121329940561, 0.9221715295628925, 0.9292510224092503, 0.9301189902776676, 0.9398417905017233]
[0.9489397000888894, 0.9484115777778993, 0.945478776472103, 0.9265653715704194, 0.9212091742000718, 0.615177895231951, 0.9322942399468104, 0.922602470726649, 0.949624693244391, 0.8990412377006803, 0.9254436394580282, 0.9153425950454344, 0.9292406187429693, 0.8049817614611056, 0.8929460018175597, 0.9216849795142773, 0.9096554083076064, 0.9205155967625447, 0.8193157813630417, 0.8797184848689522, 0.8823399316519135, 0.9114195572632041, 0.938181774069558, 0.9339617980198626, 0.5375103477663516, 0.9443475672320834, 0.8971993857925569, 0.82145985325531, 0.9501191763665625, 0.6274285110419574]
[0.9501191763665625, 0.949624693244391, 0.9489397000888894, 0.9039493095036154, 0.9248027872540322, 0.6484471577874288, 0.9156615628657868, 0.9070273706111872, 0.7256751028967251, 0.41051271935560957, 0.9041126784539487, 0.7095730449639064, 0.9026433126939636, 0.9106465060762464, 0.8796354918653655, 0.9003143286485208, 0.8420882543872621, 0.937279006310505, 0.8503624584345373, 0.693316511341203, 0.7753676187783705, 0.9414497995813226, 0.9101614013292368, 0.7810658222372336, 0.9313388116044077, 0.6216561950028184, 0.9318830687095818, 0.9043829067579883, 0.9235915486513095, 0.8299769023835121]
[0.9501191763665625, 0.949624693244391, 0.9489397000888894, 0.9344636258567791, 0.8967160629855294, 0.7692359488816692, 0.9051200755778225, 0.9133257251972938, 0.9203350654343936, 0.8636321713365792, 0.9011575776020236, 0.9305480761862248, 0.8829264826258814, 0.8877640507386312, 0.916224857896312, 0.9296433882258679, 0.8168035136293309, 0.8505847261907238, 0.6838314666570654, 0.7931588946480717, 0.8827614827530075, 0.9168251462801664, 0.9401066876123185, 0.8938654186929116, 0.6062099152919048, 0.7217454239702616, 0.9154646071514493, 0.55113674002225, 0.9181465134926378, 0.9280459600467765]
[0.9501191763665625, 0.949624693244391, 0.9489397000888894, 0.9175842288960382, 0.5878742785058575, 0.4908184865183672, 0.8678530950492832, 0.9473910750258457, 0.7688789231501888, 0.9073691859890912, 0.5039834076902938, 0.8471370364628249, 0.8511753793565715, 0.9235695135254425, 0.7520702175706665, 0.9178590104716047, 0.9375276444366301, 0.9026210720034409, 0.9260627735250146, 0.8838922683622156, 0.914671710915823, 0.8960209494726182, 0.8334568299478371, 0.8895451132584064, 0.9181852074143085, 0.9330570892888086, 0.872777656018124, 0.9274139304305998, 0.7798354288140674, 0.8984212775487623]
[0.9501191763665625, 0.949624693244391, 0.9489397000888894, 0.7666973882955034, 0.8920393845376249, 0.9141808838661545, 0.9359229187086207, 0.8225945275276914, 0.7618790669636334, 0.7512344844861517, 0.9160774548489263, 0.9159479650314288, 0.8935511167593085, 0.9469847361924927, 0.9070997745999259, 0.5946234719991664, 0.8837088433879448, 0.9373384210366428, 0.8731294875937637, 0.754371212972947, 0.9355835262041591, 0.8444071482930336, 0.8828515145627253, 0.90068090043757, 0.8093104990372537, 0.7087266644472119, 0.9043098804166643, 0.9356831620383391, 0.9371596160960949, 0.9295380365309177]
[0.9501191763665625, 0.949624693244391, 0.9489397000888894, 0.9086404586495398, 0.9294027820428156, 0.8632155124872207, 0.9019769874439986, 0.8793838336375182, 0.842439527338469, 0.8985646483130499, 0.9177165226676451, 0.7994273358811514, 0.9389911346119743, 0.913931006490963, 0.8353771566437781, 0.6793110075352378, 0.9257595554351722, 0.8961973138886549, 0.7698869730484995, 0.9008490305488825, 0.8719644760321802, 0.9129599677470689, 0.9239962407840175, 0.918872747718834, 0.6797358896407737, 0.4960689330766522, 0.7273663922917445, 0.5828896598368728, 0.8533244066000467, 0.6923023695212714]
[0.9501191763665625, 0.949624693244391, 0.9489397000888894, 0.8934473776247174, 0.9173087583568612, 0.745695602379337, 0.8941250843134673, 0.899221750230755, 0.9213933855603715, 0.5211686022687106, 0.7627283940262923, 0.45943000232049386, 0.9396676003937193, 0.61150866339265, 0.9053884969098615, 0.9193009990356579, 0.4377465131827314, 0.922434641440357, 0.8871729942858143, 0.9099335786527311, 0.5297285956548802, 0.9413161321447154, 0.9152904443564368, 0.901842457306691, 0.9095716767284873, 0.885166310926182, 0.8956741477367755, 0.9021941621146586, 0.9483647370248128, 0.8692738348222795]
[0.9501191763665625, 0.949624693244391, 0.9489397000888894, 0.9330310013330545, 0.8959751530447482, 0.923314788472395, 0.9045476218609386, 0.9162725700889989, 0.8876401072619736, 0.6102005434798005, 0.8135045003773893, 0.9338969979608986, 0.9358707168615045, 0.7185320125147726, 0.9260135385517543, 0.9420757575491178, 0.6858100477069681, 0.9222866680247728, 0.8947879664363411, 0.9222062829298338, 0.920221022180551, 0.8816993522621007, 0.9104782189933543, 0.8511444659260599, 0.8835512195274511, 0.9355526782757807, 0.8659653875199248, 0.8611367196529294, 0.590622038774259, 0.9099697943932877]
[0.9501191763665625, 0.949624693244391, 0.9489397000888894, 0.8976194647726972, 0.9202093833856786, 0.9094000419470073, 0.9154889823653978, 0.6238904277138796, 0.5484966945988146, 0.9094260365151481, 0.9012101082336079, 0.7812270531871736, 0.5900060842550132, 0.7374889431913179, 0.5915781270392556, 0.9197206813901717, 0.8445680637116217, 0.8598474886297296, 0.7363379525256746, 0.903591362286751, 0.7736459615247847, 0.8514696329718872, 0.7647368876896025, 0.9404607780363164, 0.9282272737000774, 0.9298806335298552, 0.9227810585745444, 0.8909216141288203, 0.6488240795027806, 0.9208024188336846]
[0.9501191763665625, 0.949624693244391, 0.9489397000888894, 0.9167409798257299, 0.9131806046165464, 0.6965353321680685, 0.8877579877095899, 0.9334967785087367, 0.9359888837613731, 0.9288352741425764, 0.7536687140381205, 0.9262128690237564, 0.6848771087224501, 0.8917581784727417, 0.9260182472442775, 0.6359517385130631, 0.9181781829237475, 0.9081038772853149, 0.9281312310782625, 0.8957192772398992, 0.8525148064269825, 0.5106915553163771, 0.8996041925267068, 0.936093286256286, 0.8975142002830008, 0.8978643730170568, 0.9053317031487992, 0.8991421025737788, 0.873940333977875, 0.9055597679558097]
[0.9501191763665625, 0.949624693244391, 0.9489397000888894, 0.5091263078485819, 0.8520341205726812, 0.9436272746105172, 0.9092621700151735, 0.8755241033026042, 0.4907653991544772, 0.9311728472518241, 0.39709273977706794, 0.9113116460316634, 0.3701393657470588, 0.7239603041798643, 0.9283795755013632, 0.9054471231027142, 0.9081463471794571, 0.8982771276378977, 0.9338277919415078, 0.9233589752411906, 0.6747213416022559, 0.9147296811805334, 0.9167111872302048, 0.6566086801739596, 0.9259434399514941, 0.8903682556930608, 0.8941254489407092, 0.7181646225715801, 0.9295740193255948, 0.8825519539356238]
[0.9501191763665625, 0.949624693244391, 0.9489397000888894, 0.9101130421051333, 0.872009676128377, 0.6920827992243076, 0.9110830700614647, 0.8200122190528049, 0.9119615481827034, 0.8039787774765466, 0.9271056783301833, 0.925217879505282, 0.9302024127852496, 0.9122369868328285, 0.9310697761774038, 0.7507016864749781, 0.9161873909833166, 0.8909912042088285, 0.9358457527337919, 0.9037319035763118, 0.6743486821261321, 0.9240617193433692, 0.9172811955607355, 0.7785465770470577, 0.8698589291935737, 0.8879363347040089, 0.8812298121793155, 0.7448652147687024, 0.9090797192470262, 0.8928759469797595]
[0.9501191763665625, 0.949624693244391, 0.9489397000888894, 0.9151463336974873, 0.9286403359888227, 0.822352036152915, 0.9246091364658762, 0.9348041660566129, 0.9395132837710533, 0.934692135740913, 0.8956280113410267, 0.8890078472396976, 0.6739559648784408, 0.6994491658604117, 0.9279133356476694, 0.9312646391221869, 0.911839903659123, 0.9308006943349457, 0.6923743832996381, 0.5132473386969886, 0.7544148033039328, 0.9081761733880567, 0.8848757584481655, 0.9047799574194297, 0.7326718364737117, 0.5577935559534223, 0.5631861543989827, 0.9011563522415579, 0.47833829214912904, 0.9004955601858152]
[0.9501191763665625, 0.949624693244391, 0.9489397000888894, 0.9100517088701753, 0.9176038578673881, 0.9267830741555378, 0.8738620418028654, 0.5374882354264858, 0.9332142694835979, 0.9298099610105631, 0.9238595953362392, 0.8105500095865458, 0.9319092257047313, 0.8774047667533542, 0.840665057973744, 0.7669700413702641, 0.9368352051364481, 0.9039555411737076, 0.5489659762878829, 0.9074802862296146, 0.6007966347749452, 0.8981960020916384, 0.9188780972275978, 0.6025776596742418, 0.564323330310264, 0.8859192984327369, 0.7320737663093636, 0.9463408770395826, 0.8836829255265863, 0.9318495309712905]
[0.9501191763665625, 0.949624693244391, 0.9489397000888894, 0.9041674524369958, 0.9269959678975452, 0.7152564057759089, 0.9003324342200701, 0.7835767256487213, 0.9072682445158718, 0.9471615162144079, 0.9246524547781741, 0.7972435993728696, 0.8112773971779172, 0.918371813787798, 0.6900746841185699, 0.9244020825398561, 0.5141161099619327, 0.9210495470778645, 0.9183525432814722, 0.7965813999518028, 0.7063038781046046, 0.9163277348465634, 0.9062670142222491, 0.9283547530881159, 0.9156753815636742, 0.8124407622693239, 0.9328804214162456, 0.7286747804418559, 0.9163027752260721, 0.7788824906948796]
[0.9501191763665625, 0.949624693244391, 0.9489397000888894, 0.9105027276442407, 0.6925106637468783, 0.9073223209550401, 0.9303782178072757, 0.9138937123299342, 0.8791983264133925, 0.6207387994459963, 0.9153059155870664, 0.6314314528171289, 0.8797683925920429, 0.58316303303224, 0.9075370515769159, 0.911558358201913, 0.4332030463257015, 0.925147847640932, 0.8962542718448411, 0.9040322196430679, 0.5755517033074914, 0.8930883416429948, 0.9413146765678336, 0.9379228983560265, 0.8749125195919739, 0.898987398762748, 0.9036967218885682, 0.9175431106506733, 0.6929764584913811, 0.8983912466757921]
[0.9501191763665625, 0.949624693244391, 0.9489397000888894, 0.9023299686330974, 0.8148630067983644, 0.9388026647154045, 0.8860071436133652, 0.9005486148599248, 0.8976017733245296, 0.7539922567205609, 0.9076351979508401, 0.8963522716386789, 0.9320081022454554, 0.9432802029840721, 0.9384260921632863, 0.6963287034699376, 0.9105508238685243, 0.9349929612928308, 0.7775717261954939, 0.940267637010603, 0.7277553598606437, 0.9179901688303718, 0.7782974295692491, 0.4301810443094274, 0.908199362856903, 0.8475604228202915, 0.7960657942240212, 0.4446758936639575, 0.6011118193450141, 0.9055816803871274]
[0.9501191763665625, 0.949624693244391, 0.9489397000888894, 0.9331280516926069, 0.739971002453413, 0.8949657447011433, 0.8883172820538849, 0.9188396642331986, 0.4550537812944184, 0.9362128776848898, 0.8988106823550185, 0.6167943758985536, 0.6202493789823863, 0.9110546239409584, 0.6816682794165686, 0.7504141571411587, 0.6255630913834391, 0.9186071147814695, 0.9463823100636761, 0.8455402020276302, 0.9270137774945186, 0.9368320635952265, 0.8529254525281358, 0.7369539930438973, 0.9242371936701669, 0.703222146062004, 0.9260152018660215, 0.8791445822199391, 0.7359213040600013, 0.887672358973623]
[0.9501191763665625, 0.949624693244391, 0.9489397000888894, 0.9030986161972844, 0.5799433749301292, 0.5260818644494276, 0.9415522533553039, 0.6854494354684264, 0.8589028956370838, 0.874011327906486, 0.8566641189607269, 0.9212720023055918, 0.8867160988520254, 0.9055984387137029, 0.8294811283118982, 0.9204184236814583, 0.9203145533352468, 0.9080323565028496, 0.45622115188457024, 0.869774040630065, 0.9104580848233669, 0.9432173825821252, 0.5300125662836019, 0.9172979918951084, 0.9146904421208459, 0.8971862509722535, 0.6275913214635466, 0.6133971716593928, 0.9430569671885289, 0.9122271603759808]
[0.9501191763665625, 0.949624693244391, 0.9489397000888894, 0.8964594899976952, 0.924232896368261, 0.8767625791338787, 0.9413707039658646, 0.9221374286966086, 0.9527254586103743, 0.8850212551727222, 0.9127349445603249, 0.7976349052229872, 0.9356373329858498, 0.9277623690847628, 0.8824696694779919, 0.9081295198694126, 0.5058779872932014, 0.6701744695650178, 0.5283617671996592, 0.9458950647112248, 0.9178375174782252, 0.8529954203393219, 0.8595070306610522, 0.9466148017865982, 0.9427720962182464, 0.7009931478090357, 0.9239304321365666, 0.9264248481938496, 0.43037458441922344, 0.8348942784411849]
[0.9527254586103743, 0.9501191763665625, 0.949624693244391, 0.8353729758063104, 0.880937250563536, 0.7229251117934163, 0.9063030374109602, 0.8846282906525071, 0.46863763989005014, 0.7013091432358017, 0.8856694921546384, 0.8957711065707264, 0.7654592008720192, 0.9280609196385062, 0.8940302607722601, 0.6670385128099499, 0.9252021437034674, 0.5635463230872851, 0.503578471443362, 0.9470968924629073, 0.6862692042399823, 0.923604657793103, 0.91566504245203, 0.8916204647091823, 0.8879217166112437, 0.5557353991300441, 0.8813965628657534, 0.9255895398052613, 0.7115934904444196, 0.5881682793143919]
[0.9527254586103743, 0.9501191763665625, 0.949624693244391, 0.6969778443629234, 0.9452742761152635, 0.8638238580732048, 0.8920745363089722, 0.9383084303272395, 0.4926223029706874, 0.9112938034825685, 0.9315067558813177, 0.541786314263656, 0.7124630764505565, 0.9265279977026465, 0.9382786790353784, 0.9241172587376635, 0.6341092835126513, 0.9129594761865004, 0.8745626997298362, 0.9318031023297547, 0.8605216442119237, 0.9336706373761705, 0.9464650879484086, 0.9364753579564117, 0.8772104079103114, 0.924896313966435, 0.8640356177545899, 0.9095974010890101, 0.8071938724310695, 0.3597655211564109]
[0.9527254586103743, 0.9501191763665625, 0.949624693244391, 0.9039749391476685, 0.9501097516544771, 0.45159865143553735, 0.587832580414972, 0.8938111294550429, 0.9232008632633675, 0.923102199481089, 0.9434438265481627, 0.6009275253921624, 0.786922076936528, 0.9200176042234541, 0.548667864257529, 0.93717111454815, 0.9437871384217744, 0.945233053768429, 0.9189117918568079, 0.8379439731726194, 0.5667667678390872, 0.7366367249972314, 0.7559585913591548, 0.9486190081692641, 0.9170623544842373, 0.7261612589496625, 0.9341042302070215, 0.907935809897585, -0.18266461826602162, 0.9036326178568849]
[0.9527254586103743, 0.9501191763665625, 0.9501097516544771, 0.9203272333896961, 0.9214779785400063, 0.8066486624737156, 0.9330613591522419, 0.9048724191773396, 0.9413900043866172, 0.6659526292438072, 0.9201229648433874, 0.8571957111876158, 0.7294338894636417, 0.9230159584360688, 0.9457207606859058, 0.9321124270067799, 0.9372865186743673, 0.795986438922513, 0.9100203330736469, 0.8832695630915833, 0.9274317911482508, 0.9444631828509829, 0.879168416838053, 0.8661101089348606, 0.6764378840058759, 0.8759342010378723, 0.941298055521491, 0.8020700302543218, 0.8479908195081615, 0.9271880242806702]
[0.9527254586103743, 0.9501191763665625, 0.9501097516544771, 0.909536692070067, 0.8688668578240395, 0.9262359183694368, 0.8254852504687814, 0.9093616161915594, 0.9182040005560667, 0.942193040617076, 0.9028907370329655, 0.7128039388943332, 0.9258227677927816, 0.9215121305059778, 0.8904085759716852, 0.6962975488793117, 0.5763869357162431, 0.6768389391080553, 0.5786760463147262, 0.926715585260925, 0.9365810448472722, 0.9264500803080576, 0.6626909400011715, 0.8778134353447702, 0.9285925579616991, 0.9112284781602346, 0.8561161202169711, 0.7599779497615732, 0.6347292083709026, 0.9229514791294429]
[0.9527254586103743, 0.9501191763665625, 0.9501097516544771, 0.8042144648349578, 0.47171199472269926, 0.9357011589574591, 0.9282976669699118, 0.9372275065197583, 0.8990447366007027, 0.9165339124033224, 0.8289084677753107, 0.9306142629660393, 0.9442702165963945, 0.9335449067600012, 0.9510147891677168, 0.5890400192996099, 0.9489539297278088, 0.9219983580686338, 0.9509211623953088, 0.9217154269053764, 0.8919287681322574, 0.9299100243948543, 0.8655259906203898, 0.9342073355043619, 0.9212450263748452, 0.9314602650306829, 0.8979735237777098, 0.9383375022491098, 0.7959940279219833, 0.9046824111316254]
[0.9527254586103743, 0.9510147891677168, 0.9509211623953088, 0.8453867420477632, 0.9192483921770425, 0.9134988354300891, 0.5411065865819555, 0.46179777437143804, 0.9278173554832224, 0.94452837939905, 0.9264068002111489, 0.8815004613304043, 0.8824514841366055, 0.6608009943262275, 0.8746309160402613, 0.776134478995249, 0.6901595800474577, 0.6919268594996855, 0.9366370426440984, 0.9472523126775544, 0.9343702211589454, 0.5694914075090175, 0.8794555812586231, 0.8946336213179185, 0.7219900661504558, 0.9102752347601685, 0.8870893823027121, 0.9277622953428029, 0.9062644889295155, 0.8259843282629885]
[0.9527254586103743, 0.9510147891677168, 0.9509211623953088, 0.9145969506487133, 0.9250184292064514, 0.7415562814125599, 0.44114247503256326, 0.8997460565606813, 0.8992298156456577, 0.8765832770778194, 0.9352222683684652, 0.9422826524614228, 0.9117386797753769, 0.850303158774445, 0.9265488742450734, 0.5392920492784987, 0.6056713190882455, 0.9134586469822757, 0.43822230354425346, 0.6253067220945577, 0.7802726637447571, 0.9178930906758032, 0.7941136138018904, 0.9356737667482707, 0.8965840542417072, 0.9041600063281678, 0.9503850405813593, 0.7486417456160688, 0.8228229186884051, 0.5296577933038799]
[0.9527254586103743, 0.9510147891677168, 0.9509211623953088, 0.9319616188013148, 0.9421853293807068, 0.8784231287105253, 0.9305451433405266, 0.9312397507623976, 0.93153004643723, 0.9240618313885387, 0.9165834185434631, 0.933173044832038, 0.5611171907747686, 0.7391996081860132, 0.6143806652580657, 0.8958680035289983, 0.9366529117071274, 0.7067511015328098, 0.9463643281826406, 0.7786655572459571, 0.8496800088416158, 0.7290541083089452, 0.9390081983441503, 0.9395945352893221, 0.9325156979775381, 0.9368504235233163, 0.8972636195496232, 0.9128586286000974, 0.7766217353719697, 0.9112970384854434]
[0.9527254586103743, 0.9510147891677168, 0.9509211623953088, 0.7608845487938114, 0.685829474366931, 0.9379568045285325, 0.5895044642011318, 0.9112974459903213, 0.9482307662390084, 0.8936329770906379, 0.9129266652532672, 0.9314788380601078, 0.9151473756608975, 0.7884538589452206, 0.9360908905665536, 0.9015703171565351, 0.9524026386960829, 0.9001948015677401, 0.9251434515962627, 0.9219158201158227, 0.9147772199315399, 0.9336147352945993, 0.7745938630163633, 0.919801309298368, 0.9201772043744909, 0.9403343930501223, 0.9159666408702349, 0.8560085462463416, 0.9376235518794157, 0.9118369124151923]
[0.9527254586103743, 0.9524026386960829, 0.9510147891677168, 0.8834563524752901, 0.9176965890085366, 0.930642903164549, 0.9270739374334656, 0.92085946870499, 0.9318497614831902, 0.9315588104721078, 0.841421032486989, 0.8168719371300164, 0.8170512382293114, 0.8823421371941981, 0.9414266249063662, 0.9354204471612827, 0.6784345390711409, 0.6915525151562466, 0.7705862938758968, 0.8141148215190195, 0.9284264318410642, 0.6204993669999709, 0.9483376725216284, 0.8665164373953849, 0.9395598963382343, 0.9361494502997967, 0.905014667855277, 0.8602769226965075, 0.8791053660886885, 0.7097182561964661]
[0.9527254586103743, 0.9524026386960829, 0.9510147891677168, 0.9212781709460398, 0.9332139004524249, 0.575669215613815, 0.40840573629793625, 0.9114026367723449, 0.9461570543595275, 0.9479879309996189, 0.9052852543595284, 0.8855127884703087, 0.9355712809359249, 0.9276159346798192, 0.8566007303668337, 0.9024433148068749, 0.9286621668122609, 0.9242258948854187, 0.8885459316256427, 0.7614002339877204, 0.6491435826663243, 0.9189657472907502, 0.9158616571922673, 0.9087493606054733, 0.7462952295866161, 0.9002781991456447, 0.768607366443237, 0.9309823150866057, 0.6012825259565348, 0.9096176126558918]
[0.9527254586103743, 0.9524026386960829, 0.9510147891677168, 0.936833940779138, 0.929974303968104, 0.7298123508272321, 0.938397828060842, 0.9455187874075123, 0.9089704982884895, 0.911511227694222, 0.9152028930668246, 0.9320660455496194, 0.9235896667186518, 0.6791239885824798, 0.9376595315552385, 0.9404121733307494, 0.8942218829381714, 0.9407031702132931, 0.9227429607649924, 0.9251094316958531, 0.8053174877484433, 0.9246122975380184, 0.9272907674083897, 0.9244926650549945, 0.673204106426858, 0.7750767925967338, 0.934944263967471, 0.9152262157350038, 0.8393172106541787, 0.854251754775304]
[0.9527254586103743, 0.9524026386960829, 0.9510147891677168, 0.9185469915692452, 0.9484092246551273, 0.7003334229337737, 0.9079967238432601, 0.9374041989504008, 0.9235277638375701, 0.8841487558904924, 0.9481272170309921, 0.9278226702993224, 0.9106654176130082, 0.9449725620857681, 0.9367570397894404, 0.9402673567850474, 0.6748789121906595, 0.9267597704109567, 0.6555000444630021, 0.9303373910022041, 0.9216525560523111, 0.9309418163904765, 0.9164283497886598, 0.8424177023648485, 0.9510221148354377, 0.8943076855411299, 0.9222205958315983, 0.49421433560656874, 0.9304413382218191, 0.9425791566849538]
[0.9527254586103743, 0.9524026386960829, 0.9510221148354377, 0.9519869483081382, 0.9089358322837604, 0.9355046665039234, 0.8419502943703653, 0.9144930779700737, 0.9131524697984111, 0.5541710192928294, 0.8998265715321627, 0.897722180918275, 0.7257154097323635, 0.783890715216837, 0.9295412589619556, 0.9043141787477229, 0.898189751264274, 0.9382540906821734, 0.9404750055488527, 0.9320654974352548, 0.9529057466056793, 0.9055535770985027, 0.9269151318850801, 0.6002132314141166, 0.9319241018082985, 0.9104839343417379, 0.5243995761016834, 0.9342520895364672, 0.7750663131362543, 0.9327614796708944]
[0.9529057466056793, 0.9527254586103743, 0.9524026386960829, 0.9258918412627299, 0.8352685237502194, 0.9096712983563607, 0.7591208585136797, 0.9539690455307007, 0.914014035872791, 0.7628473507298912, 0.9331254657839776, 0.9102113001075156, 0.7688842878319173, 0.8666011203745946, 0.7072427612664528, 0.925202960665994, 0.9282442003883802, 0.9008359048824992, 0.9315786536023648, 0.9345445199178166, 0.9273671676840272, 0.7345870869844869, 0.9061855870260735, 0.8622564093317536, 0.9237089212966663, 0.9210978001866216, 0.8508075817941908, 0.8765436771107323, 0.9442256841221351, 0.7429329812334502]
[0.9539690455307007, 0.9529057466056793, 0.9527254586103743, 0.9277355451948353, 0.9537260233002218, 0.76579784089365, 0.7671533108324716, 0.8685961296575044, 0.8938616253121099, 0.945715315176957, 0.9252310612139879, 0.9083336643668662, 0.9375193735745263, 0.9190679750519312, 0.924850417981709, 0.9008163802876012, 0.592973903350086, 0.936614114705054, 0.5070957591702974, 0.9103992331013634, 0.9000493219028948, 0.39580377100048253, 0.9163792731212325, 0.9283144672357131, 0.9448888839192071, 0.8773552966346655, 0.9468946857692179, 0.6979360868612096, 0.9311890089958283, 0.6718689897021434]
[0.9539690455307007, 0.9537260233002218, 0.9529057466056793, 0.8865525933468256, 0.9003569816862858, 0.7136981408774519, 0.9393553713479259, 0.926784908672893, 0.9213654827989839, 0.9113548606982942, 0.9333303349722637, 0.9230244565030402, 0.9265630995991139, 0.7266421795545231, 0.9216476127883952, 0.7700439764612531, 0.903698889908927, 0.9355824221635711, 0.9188970091547808, 0.8771197898669164, 0.9167964622248322, 0.896777598134596, 0.9368794359212165, 0.9257067304230668, 0.9313327303364498, 0.9005981688845877, 0.9210361570425594, 0.8569764123232902, 0.9046203256172418, 0.9106208738221517]
[0.9539690455307007, 0.9537260233002218, 0.9529057466056793, 0.8633805642541014, 0.920400969493486, 0.9439762671294604, 0.925177358727069, 0.8961441012196266, 0.9218769258879601, 0.8666549726248208, 0.9339239947361917, 0.849925085636101, 0.9375448700120379, 0.7818637042477068, 0.9213965810533787, 0.8710091327946524, 0.9281619377490774, 0.9105198257246623, 0.8616778268834517, 0.9149324030213, 0.8819476387736142, 0.9210098440610565, 0.9323696750087751, 0.8690953850964938, 0.9214552222780323, 0.5732374572014082, 0.9275310766358056, 0.9323304452417271, 0.9435905100762882, 0.7586220947784378]
[0.9539690455307007, 0.9537260233002218, 0.9529057466056793, 0.6161011932682118, 0.8893082852568546, 0.6567287945103536, 0.9383004175756525, 0.9028345691339538, 0.9079200883469619, 0.7656218290447623, 0.8992016049539421, 0.9098283722384894, 0.6957306678614883, 0.6498987692036721, 0.9453696169982649, 0.8291523435280742, 0.9075001321250465, 0.9482263997261087, 0.762634777644438, 0.8472667234999274, 0.7563900734658959, 0.916923873723649, 0.8913775526476262, 0.9204302704905062, 0.9299419436103776, 0.7709950226036565, 0.8902668223051714, 0.8966040849281421, 0.5385370028725311, 0.8692690282284711]
[0.9539690455307007, 0.9537260233002218, 0.9529057466056793, 0.9298453149922671, 0.9249737154110979, 0.9407494372745139, 0.8985713488052458, 0.7520136801508457, 0.7168512947178027, 0.7457376077695915, 0.9309942444736983, 0.8864866264880551, 0.7086838781854524, 0.886719872504528, 0.9015566972339775, 0.9492385682608487, 0.8399520451972908, 0.7489621344591093, 0.9460679042540576, 0.8918350289291435, 0.6963049007129603, 0.9350910366021452, 0.687258841740302, 0.8589969166984758, 0.914518722613152, 0.9280399641075889, 0.7435050109580122, 0.7503589695992017, 0.9252460138218289, 0.9346124405950051]
[0.9539690455307007, 0.9537260233002218, 0.9529057466056793, 0.7851123452540446, 0.9139966565511981, 0.9219587383100443, 0.7618409387241968, 0.7201162590593587, 0.9090577173807267, 0.8942683825681917, 0.9217983321934472, 0.7782000849228563, 0.5862399969431191, 0.7914928041662274, 0.9031773799541886, 0.8111558035451923, 0.8628174380343179, 0.8722296595737864, 0.9435104907613585, 0.9070969637727792, 0.8136068920002714, 0.9058390127111614, 0.850094438857652, 0.7804644536724794, 0.8018708937053766, 0.8033621216828265, 0.865204855719676, 0.736742185932091, 0.8232219554943291, 0.9117726455796517]
[0.9539690455307007, 0.9537260233002218, 0.9529057466056793, 0.8913250694200361, 0.9182537107687482, 0.9126614823450441, 0.9092034991158576, 0.8969188771943439, 0.9100270051249499, 0.9061030111318401, 0.9323329531942014, 0.9106523206187253, 0.8946616240285759, 0.9381039026001591, 0.938784706723666, 0.9428956414250959, 0.7015168125415727, 0.927872060266823, 0.8696578386463908, 0.6218476864219917, 0.9143487614312543, 0.9334053579856796, 0.9370458960591462, 0.9164610372377657, 0.9151126679436676, 0.9447520375529476, 0.8455516205156043, 0.9224209394692725, 0.933078232091089, 0.9077654279726926]
[0.9539690455307007, 0.9537260233002218, 0.9529057466056793, 0.9328694886253517, 0.7572941567644442, 0.9312559526836326, 0.7804406588970708, 0.6923657718127156, 0.9049054395899139, 0.9197395033798698, 0.8976115909587978, 0.881975396109593, 0.8975771448382932, 0.7521656412319621, 0.9203000137614639, 0.9042059731388635, 0.9028406163806469, 0.6941427832051538, 0.8806822550077172, 0.718548185871052, 0.9012917973495173, 0.9184001580226643, 0.8897492543751108, 0.7373985972343766, 0.9061668197365471, 0.9226990540434503, 0.9208678266460126, 0.9161181771082001, 0.8736687899111679, 0.8977779308863834]
[0.9539690455307007, 0.9537260233002218, 0.9529057466056793, 0.8744470378767553, 0.7096938976028517, 0.9159415493219591, 0.9040786887130651, 0.8962765691931674, 0.5459617855035399, 0.9409104501597235, 0.7269546109935346, 0.7243479179987838, 0.744270098089284, 0.8499293209308183, 0.7419085133643606, 0.9105638100576685, 0.9469635571937741, 0.7590406303562515, 0.8537246688677546, 0.7898163223821607, 0.9202069303130966, 0.9159718261532568, 0.8546721871536705, 0.8836608852440122, 0.7569181229081151, 0.9118363942689843, 0.7369000458566163, 0.8896875865033812, 0.9241035131509185, 0.9468068092712072]
[0.9539690455307007, 0.9537260233002218, 0.9529057466056793, 0.7683030200203393, 0.7634011857965269, 0.8967386248940036, 0.5388448231152395, 0.8818096360890498, 0.9508429526565838, 0.9445760924024504, 0.9364718165981994, 0.59011091918866, 0.7438526936784609, 0.7672857238023209, 0.872716340036688, 0.8426816380081469, 0.9445808584774895, 0.7798466809956812, 0.9165327792435326, 0.9374591006767918, 0.5257973004163443, 0.9271265502094762, 0.8093555344076088, 0.8700056525546115, 0.752154394777039, 0.9474924336603451, 0.9303722883782343, 0.9356279630864928, 0.9202066104333416, 0.7443041142194936]
[0.9539690455307007, 0.9537260233002218, 0.9529057466056793, 0.9471395841232985, 0.7663280686774735, 0.9092781715190871, 0.854406327837114, 0.91433629299353, 0.9022215985934612, 0.5758156980670107, 0.9080293387706402, 0.9043301227649805, 0.8234726814887199, 0.8631112872694388, 0.9207960243787627, 0.6489050378754115, 0.9405259277904211, 0.8895258470974702, 0.7501362636165491, 0.9258312729075553, 0.7930597361218039, 0.8524635450399772, 0.9113055646265261, 0.6133750617187426, 0.9248719018065574, 0.9356259345100187, 0.8954674362820539, 0.9142412799527943, 0.9017435094858215, 0.9311517776859706]
[0.9539690455307007, 0.9537260233002218, 0.9529057466056793, 0.9265116357784626, 0.7234734775140923, 0.9011125750061977, 0.9129833421273442, 0.9340980477228433, 0.6717375275712207, 0.9014682471129712, 0.8886944734562705, 0.828763676760316, 0.7317736463370644, 0.9092519498259697, 0.9196094558512976, 0.8962448072060673, 0.9058489864222923, 0.9371953486948928, 0.9377742702175829, 0.752523714433217, 0.8899963422527891, 0.9369055140255936, 0.7960467201415298, 0.8736504813750613, 0.912817961683474, 0.9052695220557379, 0.813043322446571, 0.9093759744263841, 0.9440997955334172, 0.9353714518142286]
[0.9539690455307007, 0.9537260233002218, 0.9529057466056793, 0.7014789888009092, 0.8902099001091001, 0.7646359033299263, 0.7998965911950546, 0.7986470887376669, 0.9105013980797457, 0.6052897106027993, 0.944613755153327, 0.88069506104676, 0.9301629333720688, 0.901227870320984, 0.9020542272776194, 0.9210489925402998, 0.7458483702454538, 0.789744684198037, 0.9342699920605945, 0.8098304921970066, 0.921820231576846, 0.8966346719493684, 0.6357087499148121, 0.9192924219919483, 0.9094728060113033, 0.7493263329363448, 0.9189277433133513, 0.9220369776975909, 0.9171949614919189, 0.8000927988449782]
[0.9539690455307007, 0.9537260233002218, 0.9529057466056793, 0.8861238316552164, 0.8885481430691042, 0.8883009008678683, 0.9292524177108563, 0.806512597584445, 0.8778788538876042, 0.9503986320831985, 0.7045294368730193, 0.8607509730074774, 0.8881905372623655, 0.9023559355347618, 0.7445335563106544, 0.8954283839931731, 0.9157901906739803, 0.9231186302681764, 0.9352258074075385, 0.9092156828150484, 0.8749659392884759, 0.8800140363428127, 0.8941194075021486, 0.9163943711090691, 0.5517783606131997, 0.9018133673251926, 0.9163363859867951, 0.8535489949541065, 0.9375501188878036, 0.4842868216012472]
[0.9539690455307007, 0.9537260233002218, 0.9529057466056793, 0.8816609445418839, 0.7027692171304312, 0.7721957702389309, 0.885803349850226, 0.9342544556813256, 0.9091960257201868, 0.9456549123793617, 0.9065173634194935, 0.7697748068295994, 0.8868324865997572, 0.9083936649364983, 0.9615547507785707, 0.8147248559366649, 0.7118387331261175, 0.9103454931749425, 0.9067821105892079, 0.898870244645464, 0.9013947189194912, 0.9200658889671702, 0.5677451131078404, 0.8435714290698044, 0.6892276660685238, 0.8986712919402157, 0.9194510490624083, 0.9319916346275211, 0.9466276786346164, 0.8889310399793974]
[0.9615547507785707, 0.9539690455307007, 0.9537260233002218, 0.8998364310996059, 0.9377413661177438, 0.9074594684972955, 0.6933832925993254, 0.9075592207587486, 0.9219989796761391, 0.9207249216941902, 0.8955335693650149, 0.9250756610489785, 0.9362518326626348, 0.9458702144344298, 0.7191552134662206, 0.9321611702298671, 0.9147973397753606, 0.938570785943714, 0.9254224971132633, 0.9368454939935188, 0.9020025331466759, 0.9469339813062014, 0.9312455743333902, 0.9353823299948631, 0.9284634096327143, 0.9137256038583057, 0.7346499444640867, 0.9115297069394318, 0.7327029894900575, 0.7328051256523567]
[0.9615547507785707, 0.9539690455307007, 0.9537260233002218, 0.9404530814849413, 0.7435141180075362, 0.913145102383303, 0.9410625866610192, 0.9115980127643708, 0.8571474607195332, 0.9246354761074376, 0.9083585502280839, 0.8961843115537537, 0.9423516980062779, 0.944184068879011, 0.9468970028578497, 0.9148021045075005, 0.7874944854448971, 0.9188311544277522, 0.9048545611759626, 0.9377121203505193, 0.8410919768327947, 0.700362994894867, 0.9482173801345493, 0.8167205867506658, 0.9035405132589404, 0.9028583460364368, 0.9013755475653569, 0.952164573894049, 0.9427467974966303, 0.6796579508914785]
[0.9615547507785707, 0.9539690455307007, 0.9537260233002218, 0.9005054183202532, 0.9407207341695986, 0.9126508242152835, 0.9048806264602046, 0.90800897875866, 0.9429757743135155, 0.9376917919482043, 0.8972432183613702, 0.9536351702473811, 0.7855679838087096, 0.944806713644108, 0.8990978400514067, 0.8667604229647737, 0.9303410935326811, 0.9353138802871824, 0.9167220960763753, 0.8309187705058089, 0.9479016009154577, 0.8991913418187327, 0.9448939453470174, 0.5051376437261296, 0.9239649549704935, 0.9239500631855159, 0.7331378592616801, 0.9244222843887769, 0.9364637882756512, 0.7573610994420794]
[0.9615547507785707, 0.9539690455307007, 0.9537260233002218, 0.8695479997252165, 0.8299537836099361, 0.8955888534597733, 0.8947119677500129, 0.9462907287230365, 0.9188688320547382, 0.9525524729185905, 0.9041147369102838, 0.9427040567008622, 0.7373356688118662, 0.9410946259937114, 0.9152436846383362, 0.8904081188549428, 0.9340184306630251, 0.9158122573926304, 0.9342044115286787, 0.8484574535657229, 0.901670090450841, 0.91069832628208, 0.9297377003705751, 0.8791774940179043, 0.9499759059851648, 0.9306624663798366, 0.9224582160985187, 0.938346533482387, 0.949411590230516, 0.8664656096010702]
[0.9615547507785707, 0.9539690455307007, 0.9537260233002218, 0.8947543377896496, 0.9624497524394748, 0.9427333902646, 0.9072267721813104, 0.7503208217283871, 0.5037087956287946, 0.9395314167441794, 0.9341055714177635, 0.937693453625665, 0.9120573133248916, 0.8665324705287824, 0.9296188897948832, 0.9535488478143267, 0.9470904620540189, 0.9178941925730177, 0.8216933573933553, 0.9323331504873549, 0.9381853090884725, 0.9150706898259618, 0.8841268556891065, 0.9322113882327346, 0.803861103630596, 0.933524849427908, 0.9374064947972185, 0.9162933240086247, 0.9220454365119934, 0.8984825631055064]
[0.9624497524394748, 0.9615547507785707, 0.9539690455307007, 0.6936595917555917, 0.9084307492287409, 0.9487271611770068, 0.9441622123344189, 0.8996680322533741, 0.8773035634748816, 0.8640237104961845, 0.8748000228470195, 0.9344751058104069, 0.9159177900129472, 0.9156653112096876, 0.9480157174484716, 0.9322980930943436, 0.7881953243416262, 0.7715179213606393, 0.8501347836398593, 0.927692014828588, 0.8779520697237533, 0.9220753148000368, 0.8859436386048852, 0.9205984944785334, 0.9429450158888467, 0.9236757810393511, 0.8992378117741451, 0.9211469090153123, 0.8827924289625967, 0.786281706080209]
[0.9624497524394748, 0.9615547507785707, 0.9539690455307007, 0.9214030896300694, 0.42284464260375665, 0.9497983209246744, 0.8494333830827266, 0.7052140121593667, 0.8957057848817805, 0.9491496864332649, 0.9496805086873462, 0.9444047209817944, 0.9507532966209726, 0.7371128580339271, 0.9015111269854734, 0.8793926522633242, 0.937147475957522, 0.8539347107201832, 0.9123192969610653, 0.9332020210013223, 0.9313763143091681, 0.9340763998181401, 0.8982322539014654, 0.9450845217189975, 0.9263225892686815, 0.9068576396346683, 0.7624060234402162, 0.8308536971350283, 0.9245155613951951, 0.8655524558539708]
[0.9624497524394748, 0.9615547507785707, 0.9539690455307007, 0.9443178666004035, 0.9497001563294442, 0.9561437280719427, 0.934451751802965, 0.9111166266525748, 0.9352749992558763, 0.9425466115016956, 0.9384823279997592, 0.9411635455922679, 0.891473575031437, 0.8319589794885278, 0.8877306090671673, 0.7263620374717126, 0.9340560619492221, 0.9199999377694895, 0.9472281579426797, 0.9424914758012624, 0.9513864715895215, 0.938224484005103, 0.9375857256957656, 0.8243431657065261, 0.9417931681343223, 0.8999425229354945, 0.9290409592530806, 0.9165714278709152, 0.9036529256787127, 0.9008811726463299]
[0.9624497524394748, 0.9615547507785707, 0.9561437280719427, 0.9536685748540391, 0.9450936657290857, 0.8848886079686525, 0.9510774197273856, 0.9416264089482186, 0.8942315024625828, 0.9153025546318909, 0.956266735860423, 0.9447744453776517, 0.9397816222271917, 0.8830242893678093, 0.9426734031663861, 0.9086955826385769, 0.9412229006159426, 0.9035035501382334, 0.9445264143542913, 0.9209516458146358, 0.9243956560453954, 0.9311712093336609, 0.8976984479285314, 0.9612471747409178, 0.9314634370932842, 0.8856904782170311, 0.898633817011627, 0.9445476592484429, 0.8270070073250004, 0.9152717329897574]
[0.9624497524394748, 0.9615547507785707, 0.9612471747409178, 0.9546370019726039, 0.9317361621001395, 0.9419285222282558, 0.9317657617202365, 0.9390708942994672, 0.9494690544995391, 0.9373487453082905, 0.9534970874987417, 0.9388533524955247, 0.9266920025906079, 0.7659307199622358, 0.9463399259272434, 0.9374734091248119, 0.9416743825996081, 0.9437918423935391, 0.9515069545133166, 0.940982096841107, 0.9431182189626387, 0.9397378416777387, 0.9363440037322646, 0.952633239602477, 0.8961654551700761, 0.913894001674767, 0.9411269211509985, 0.9430649340624154, 0.9442270722953379, 0.9602972631073864]
[0.9624497524394748, 0.9615547507785707, 0.9612471747409178, 0.695818728587544, 0.9595995805095263, 0.8817751097952474, 0.920052666315128, 0.9528235096595916, 0.9129049902352373, 0.9527885428329771, 0.9379795411407319, 0.8906528266409427, 0.9084378059863053, 0.9437274776278973, 0.9419820330620434, 0.9348393913598533, 0.9280954836721805, 0.9306632207237553, 0.9312903038014378, 0.9491650579845101, 0.7703797002071193, 0.9222826460283707, 0.9464417315372854, 0.9206015382950418, 0.9410595632235434, 0.9214596836068853, 0.9486838678613057, 0.904458815176412, 0.9522026194974391, 0.9494773766321568]
[0.9624497524394748, 0.9615547507785707, 0.9612471747409178, 0.9317190982455116, 0.8559432103789801, 0.8919482768325999, 0.9530264138097566, 0.9590883672455952, 0.939263228059984, 0.9219156007937835, 0.9257202291660082, 0.9455765101639977, 0.9536966610941178, 0.9576989273578541, 0.9409345902410164, 0.8927691538230558, 0.9333514786199459, 0.7960475957173829, 0.9546261212541228, 0.931581515985114, 0.928188058958951, 0.9279233908066399, 0.9341570407811552, 0.8804949892019843, 0.9245230861342751, 0.9397489036419929, 0.9291979454046014, 0.7010158001940638, 0.9449922355589244, 0.926960139425903]
[0.9624497524394748, 0.9615547507785707, 0.9612471747409178, 0.9408544842363962, 0.9532035933070522, 0.7694128108439261, 0.9176020480589763, 0.9593322751996007, 0.9122526663923765, 0.9353286909207573, 0.9528236445016076, 0.9561086539349973, 0.9431890329257506, 0.9392959506886354, 0.9445199087390788, 0.9395304726548915, 0.9241005901803603, 0.8879634189822211, 0.737588781914814, 0.963558326070799, 0.9241362058264186, 0.9258867502637449, 0.9409581535203893, 0.9297787937527242, 0.9174168224244011, 0.9317202285876817, 0.8146045616828478, 0.8346816732653689, 0.8649888490040175, 0.8988503655289511]
[0.963558326070799, 0.9624497524394748, 0.9615547507785707, 0.8874076869108051, 0.9574358138542431, 0.9549517056121961, 0.9047368772993, 0.9509436244106065, 0.9410186753784617, 0.9044696655082801, 0.936042487258246, 0.9165566415948312, 0.9417879077952039, 0.953216403010319, 0.9388992738464256, 0.9383550760552943, 0.9447619758085817, 0.9024703145995573, 0.9387296072754487, 0.948217984245767, 0.9399921044734513, 0.9417313940331788, 0.9178245137747566, 0.9115969444584178, 0.9280831632499299, 0.9657938046290652, 0.8415685316902528, 0.9035045208708498, 0.9134761143280756, 0.7694507228436126]
[0.9657938046290652, 0.963558326070799, 0.9624497524394748, 0.9357827419487785, 0.9567642916138134, 0.9580871835792423, 0.9271779446346387, 0.9367486933544292, 0.9323413594862677, 0.9618185803753128, 0.6447068350975727, 0.7136788692164996, 0.9313915584849929, 0.9561210293862817, 0.9597778743473504, 0.9450189775414656, 0.9472919003011941, 0.9149285719923759, 0.9159294620275685, 0.9442096349224456, 0.9401623399257881, 0.9515922489998945, 0.9583574827349045, 0.9427715287861645, 0.9321214286115573, 0.8707587301133634, 0.9449626182731401, 0.9546514878826283, 0.9191785126388302, 0.9244223379138694]
[0.9657938046290652, 0.963558326070799, 0.9624497524394748, 0.9311992402256819, 0.9466149548409015, 0.874577288771297, 0.9576932568962722, 0.6532351825307664, 0.946950636960057, 0.9038554395790659, 0.7603219796438216, 0.8878526888051677, 0.7811850693373836, 0.9518184562568844, 0.9642268407686937, 0.9493628520620833, 0.9583429239081491, 0.9526549369720899, 0.9406714531612823, 0.9536839893212942, 0.9478916320820497, 0.9622218110470937, 0.9619864575101971, 0.9454604891355651, 0.944316490766621, 0.911841232898503, 0.9291569412726195, 0.8423978890863351, 0.9541330661704582, 0.9566202212184711]
[0.9657938046290652, 0.9642268407686937, 0.963558326070799, 0.9024525992172535, 0.9633849698698803, 0.9180203314536166, 0.9475330099878573, 0.9468175361112333, 0.9240252354616083, 0.9475713961996499, 0.9442578122504357, 0.8834098871541093, 0.9315033237548749, 0.9083031992929059, 0.8392915769940008, 0.9478744257070486, 0.943202710046727, 0.959858395613375, 0.9472252675852444, 0.951071230145883, 0.9475913001719534, 0.9096659575706874, 0.9405734885424444, 0.9259334219220575, 0.9090455647811986, 0.9291872451829527, 0.9394221709535908, 0.9409177091095429, 0.9492840084251549, 0.9624681671644355]
[0.9657938046290652, 0.9642268407686937, 0.963558326070799, 0.9438023425046459, 0.9380259155627794, 0.9528438034653767, 0.8886381856256944, 0.9544132587169378, 0.9254510169000516, 0.9548781548326521, 0.8670141903102738, 0.9652572876054856, 0.9536608993974736, 0.9155597361785541, 0.9426472225379392, 0.9596179816558807, 0.9034568781500211, 0.8911158575185467, 0.9580455445418795, 0.9589894591530795, 0.9001480524905321, 0.9493141168689648, 0.956720492188052, 0.9105105230474478, 0.957271547205653, 0.959425833679982, 0.9458320186409191, 0.9602516163090558, 0.9212425342951359, 0.9384252596719264]
[0.9657938046290652, 0.9652572876054856, 0.9642268407686937, 0.9018802080816953, 0.944396083637599, 0.9300818876533963, 0.8715637493228946, 0.9440920003024527, 0.9615898349084211, 0.9523427321790878, 0.9405931915645653, 0.8986705726396597, 0.9332904204845277, 0.8850438012893066, 0.9606936796564862, 0.9534215853090835, 0.9480306411424418, 0.9460928278502658, 0.7152316134758668, 0.9496691623169055, 0.9190317870524969, 0.810738722833108, 0.9541666066394612, 0.9606482192178099, 0.8850516020700304, 0.9513874353346152, 0.9543431972791672, 0.9511234141672047, 0.9248243329732965, 0.825806350786655]
[0.9657938046290652, 0.9652572876054856, 0.9642268407686937, 0.9545397131103375, 0.868967544410406, 0.9459398948641855, 0.9209325963909858, 0.9287550544770721, 0.9419003931715872, 0.9514435302545058, 0.9489890717041294, 0.9526611313812816, 0.9343796172841844, 0.9389280986805398, 0.9054674066966346, 0.9407185286716419, 0.9195627114828231, 0.9440120744601066, 0.961575866444088, 0.8756453865490782, 0.7537382287929025, 0.9507836803162905, 0.9153836650671626, 0.9274596508319205, 0.9284525052330785, 0.9607054182860453, 0.9209238489364023, 0.9242693238645922, 0.04828502034799366, 0.8963934618575229]
[0.9657938046290652, 0.9652572876054856, 0.9642268407686937, 0.9468683965575705, 0.9491193529942427, 0.9443178270552421, 0.9391570563834049, 0.9536966035472486, 0.9219213532647564, 0.962906507595613, 0.8823054236634933, 0.8440722447618347, 0.9357811355961075, 0.9073824734906732, 0.927791016928519, 0.9179410216287385, 0.9496665164615268, 0.9512468872841577, 0.9558355343259375, 0.943236109391665, 0.9439656233762147, 0.9508759081293571, 0.9434067315727898, 0.9439594466810105, 0.942006950790161, 0.8382689766526674, 0.9297484631766799, 0.9306432313968056, 0.9228470544561557, 0.9469076690216318]
[0.9657938046290652, 0.9652572876054856, 0.9642268407686937, 0.9345289606815486, 0.9503672821157881, 0.9208549651636319, 0.9615150671570729, 0.886604056885216, 0.9269864548618143, 0.9547549259694755, 0.9500008539131649, 0.9312227270499168, 0.954548989122337, 0.965069051472894, 0.9417953481489487, 0.9601860749665525, 0.7007588750770691, 0.9448701768813644, 0.9383842372809943, 0.9597302150316893, 0.9354951823656252, 0.9067078103575371, 0.9259980492954223, 0.9500487807262394, 0.9380494203741592, 0.9497526731750986, 0.8747274090443844, 0.959510873953987, 0.9461716069359294, 0.9338632120055897]
[0.9657938046290652, 0.9652572876054856, 0.965069051472894, 0.947394977171328, 0.8088406291553988, 0.9431664659799286, 0.8964333835763386, 0.95605236519994, 0.9369246856269545, 0.9605010712772358, 0.6455130519454146, 0.9336932764817155, 0.9355069262893148, 0.9076106977392135, 0.9471531422839977, 0.9059894026328867, 0.9551813275424278, 0.9504372120216, 0.9174824153976704, 0.961825094856908, 0.9060631272660992, 0.9558350319674636, 0.9393902400790016, 0.9419616587629395, 0.9392088861159381, 0.9658618203360786, 0.8961903693607736, 0.9514593006432338, 0.9430082450679054, 0.9613592907824127]
[0.9658618203360786, 0.9657938046290652, 0.9652572876054856, 0.9573495753775537, 0.9270253088695944, 0.9655488837817757, 0.950812503949724, 0.9133904300508887, 0.950499651499283, 0.9477797005216482, 0.957894336968374, 0.9179136129785906, 0.9557075273530976, 0.9541423037036898, 0.9511572748710009, 0.9510218471634162, 0.9583978380470299, 0.9558254638599907, 0.9480232254691865, 0.9318291098493163, 0.964179610013346, 0.9530372909753, 0.935813573519125, 0.9303299958067816, 0.9547251589917235, 0.9456917500056211, 0.9336990556433874, 0.9629893898105906, 0.9329953054677809, 0.9339405025422093]
[0.9658618203360786, 0.9657938046290652, 0.9655488837817757, 0.9562592834059606, 0.9489794341808829, 0.9537127465688516, 0.9352038364959051, 0.9301472874635702, 0.9032457226652844, 0.9582806862661164, 0.9329688399286398, 0.9460507318856817, 0.9464099912679935, 0.9292991724919093, 0.9588397643382577, 0.9189551123576385, 0.9647201909411484, 0.8725300416877391, 0.9539133923260019, 0.9339773365243633, 0.9578531239472486, 0.9496207025533444, 0.9674573917203145, 0.9496422261504303, 0.9213052953857724, 0.9361322342488259, 0.934587643476318, 0.957187329512718, 0.9491636369713947, 0.9539197200675131]
[0.9674573917203145, 0.9658618203360786, 0.9657938046290652, 0.9594785844605164, 0.9337667303301133, 0.9429791258523248, 0.9560954032794599, 0.946716112902207, 0.9621250996752335, 0.9320821204227117, 0.9563678319494524, 0.9651906006503242, 0.9552632701728684, 0.9519085056152579, 0.9261996100583134, 0.9561046385652234, 0.9270868538254655, 0.9569335643206317, 0.9052725059598539, 0.9430273240795698, 0.92594077079121, 0.9577802380640954, 0.8552915809126269, 0.8604090421034841, 0.9273141962328281, 0.9532571211508337, 0.9639529179323608, 0.9352953223255187, 0.9465755682695498, 0.9536540664466738]
